1445386481 870
1445388288 870
1445388406 870
1445388499 870
1445388641 870
1445389027 870
1445390304 8
1446675135 9
1446683854 919
1446688955 919
1446697160 988
1446762091 999
1446858674 1856
1446876203 2015
1446876274 2015
1446964525 2934
1447014246 3022
1447014747 3041
1447015689 3067
1447812267 3191
1447812322 3201
1447820817 3241
1447820894 3340
1447821441 3340
1447877065 3374
1447877186 3481
1447880523 3487
1447881292 3496
1447891007 3545
1447893277 3610
1447896972 3634
1447898004 3699
1447905056 3829
1447905104 3834
1447905300 5098
