1340029107 1 0 0 0 0 0 0 0 0 0 0 0 0 0 0 0 0 0 0 0
1340031520 2 0 0 0 0 0 0 0 0 0 0 0 0 0 0 0 0 0 0 0
1340071936 3 0 0 0 0 0 0 0 0 0 0 0 0 0 0 0 0 0 0 0
1340071963 4 0 0 0 0 0 0 0 0 0 0 0 0 0 0 0 0 0 0 0
1340072157 5 0 0 0 0 0 0 0 0 0 0 0 0 0 0 0 0 0 0 0
1340072232 6 0 0 0 0 0 0 0 0 0 0 0 0 0 0 0 0 0 0 0
1340072254 7 0 0 0 0 0 0 0 0 0 0 0 0 0 0 0 0 0 0 0
1340078540 8 0 0 0 0 0 0 0 0 0 0 0 0 0 0 0 0 0 0 0
1340078596 9 0 0 0 0 0 0 0 0 0 0 0 0 0 0 0 0 0 0 0
1340108742 10 0 0 0 0 0 0 0 0 0 0 0 0 0 0 0 0 0 0 0
1340108975 11 0 0 0 0 0 0 0 0 0 0 0 0 0 0 0 0 0 0 0
1340119474 12 0 0 0 0 0 0 0 0 0 0 0 0 0 0 0 0 0 0 0
1340119775 13 0 0 0 0 0 0 0 0 0 0 0 0 0 0 0 0 0 0 0
1340119798 14 0 0 0 0 0 0 0 0 0 0 0 0 0 0 0 0 0 0 0
1340119875 15 0 0 0 0 0 0 0 0 0 0 0 0 0 0 0 0 0 0 0
1340119911 16 0 0 0 0 0 0 0 0 0 0 0 0 0 0 0 0 0 0 0
1340119948 17 0 0 0 0 0 0 0 0 0 0 0 0 0 0 0 0 0 0 0
1340120644 18 0 0 0 0 0 0 0 0 0 0 0 0 0 0 0 0 0 0 0
1340121963 19 0 0 0 0 0 0 0 0 0 0 0 0 0 0 0 0 0 0 0
1340122021 20 0 0 0 0 0 0 0 0 0 0 0 0 0 0 0 0 0 0 0
1340122079 21 0 0 0 0 0 0 0 0 0 0 0 0 0 0 0 0 0 0 0
1340122665 22 0 0 0 0 0 0 0 0 0 0 0 0 0 0 0 0 0 0 0
1340130805 23 0 0 0 0 0 0 0 0 0 0 0 0 0 0 0 0 0 0 0
1340130862 24 0 0 0 0 0 0 0 0 0 0 0 0 0 0 0 0 0 0 0
1340130947 25 0 0 0 0 0 0 0 0 0 0 0 0 0 0 0 0 0 0 0
1340140437 26 0 0 0 0 0 0 0 0 0 0 0 0 0 0 0 0 0 0 0
1340241277 27 0 0 0 0 0 0 0 0 0 0 0 0 0 0 0 0 0 0 0
1340281329 28 0 0 0 0 0 0 0 0 0 0 0 0 0 0 0 0 0 0 0
1340292220 29 0 0 0 0 0 0 0 0 0 0 0 0 0 0 0 0 0 0 0
1340294086 30 0 0 0 0 0 0 0 0 0 0 0 0 0 0 0 0 0 0 0
1340294478 31 0 0 0 0 0 0 0 0 0 0 0 0 0 0 0 0 0 0 0
1340375004 32 0 0 0 0 0 0 0 0 0 0 0 0 0 0 0 0 0 0 0
1340493185 33 0 0 0 0 0 0 0 0 0 0 0 0 0 0 0 0 0 0 0
1340493226 34 0 0 0 0 0 0 0 0 0 0 0 0 0 0 0 0 0 0 0
1340493249 35 0 0 0 0 0 0 0 0 0 0 0 0 0 0 0 0 0 0 0
1340493323 36 0 0 0 0 0 0 0 0 0 0 0 0 0 0 0 0 0 0 0
1340493855 37 0 0 0 0 0 0 0 0 0 0 0 0 0 0 0 0 0 0 0
1340494623 38 0 0 0 0 0 0 0 0 0 0 0 0 0 0 0 0 0 0 0
1340503259 39 0 0 0 0 0 0 0 0 0 0 0 0 0 0 0 0 0 0 0
1340503517 40 0 0 0 0 0 0 0 0 0 0 0 0 0 0 0 0 0 0 0
1340503655 41 0 0 0 0 0 0 0 0 0 0 0 0 0 0 0 0 0 0 0
1340546335 42 0 0 0 0 0 0 0 0 0 0 0 0 0 0 0 0 0 0 0
1340546501 43 0 0 0 0 0 0 0 0 0 0 0 0 0 0 0 0 0 0 0
1340554151 44 0 0 0 0 0 0 0 0 0 0 0 0 0 0 0 0 0 0 0
1340555587 45 0 0 0 0 0 0 0 0 0 0 0 0 0 0 0 0 0 0 0
1340555956 46 0 0 0 0 0 0 0 0 0 0 0 0 0 0 0 0 0 0 0
1340557438 46 0 0 1 0 0 0 0 0 0 0 0 0 0 0 0 0 0 0 0
1340557450 46 0 0 2 0 0 0 0 0 0 0 0 0 0 0 0 0 0 0 0
1340557627 47 0 0 2 0 0 0 0 0 0 0 0 0 0 0 0 0 0 0 0
1340557643 48 0 0 2 0 0 0 0 0 0 0 0 0 0 0 0 0 0 0 0
1340558344 49 0 0 2 0 0 0 0 0 0 0 0 0 0 0 0 0 0 0 0
1340558392 49 0 0 3 0 0 0 0 0 0 0 0 0 0 0 0 0 0 0 0
1340558399 49 0 0 4 0 0 0 0 0 0 0 0 0 0 0 0 0 0 0 0
1340558629 50 0 0 4 0 0 0 0 0 0 0 0 0 0 0 0 0 0 0 0
1340558878 50 0 0 5 0 0 0 0 0 0 0 0 0 0 0 0 0 0 0 0
1340558971 51 0 0 5 0 0 0 0 0 0 0 0 0 0 0 0 0 0 0 0
1340560716 52 0 0 5 0 0 0 0 0 0 0 0 0 0 0 0 0 0 0 0
1340560729 53 0 0 5 0 0 0 0 0 0 0 0 0 0 0 0 0 0 0 0
1340560753 54 0 0 5 0 0 0 0 0 0 0 0 0 0 0 0 0 0 0 0
1340564047 54 0 0 6 0 0 0 0 0 0 0 0 0 0 0 0 0 0 0 0
1340564053 54 0 0 7 0 0 0 0 0 0 0 0 0 0 0 0 0 0 0 0
1340575901 55 0 0 7 0 0 0 0 0 0 0 0 0 0 0 0 0 0 0 0
1340576111 56 0 0 7 0 0 0 0 0 0 0 0 0 0 0 0 0 0 0 0
1340576134 57 0 0 7 0 0 0 0 0 0 0 0 0 0 0 0 0 0 0 0
1340576152 58 0 0 7 0 0 0 0 0 0 0 0 0 0 0 0 0 0 0 0
1340576189 59 0 0 7 0 0 0 0 0 0 0 0 0 0 0 0 0 0 0 0
1340576298 60 0 0 7 0 0 0 0 0 0 0 0 0 0 0 0 0 0 0 0
1340576376 61 0 0 7 0 0 0 0 0 0 0 0 0 0 0 0 0 0 0 0
1340576425 62 0 0 7 0 0 0 0 0 0 0 0 0 0 0 0 0 0 0 0
1340577263 63 0 0 7 0 0 0 0 0 0 0 0 0 0 0 0 0 0 0 0
1340577276 64 0 0 7 0 0 0 0 0 0 0 0 0 0 0 0 0 0 0 0
1340577773 65 0 0 7 0 0 0 0 0 0 0 0 0 0 0 0 0 0 0 0
1340578105 66 0 0 7 0 0 0 0 0 0 0 0 0 0 0 0 0 0 0 0
1340579317 67 0 0 7 0 0 0 0 0 0 0 0 0 0 0 0 0 0 0 0
1340580113 68 0 0 7 0 0 0 0 0 0 0 0 0 0 0 0 0 0 0 0
1340580433 69 0 0 7 0 0 0 0 0 0 0 0 0 0 0 0 0 0 0 0
1340581426 70 0 0 7 0 0 0 0 0 0 0 0 0 0 0 0 0 0 0 0
1340581482 71 0 0 7 0 0 0 0 0 0 0 0 0 0 0 0 0 0 0 0
1340581758 72 0 0 7 0 0 0 0 0 0 0 0 0 0 0 0 0 0 0 0
1340581932 73 0 0 7 0 0 0 0 0 0 0 0 0 0 0 0 0 0 0 0
1340584775 74 0 0 7 0 0 0 0 0 0 0 0 0 0 0 0 0 0 0 0
1340584815 75 0 0 7 0 0 0 0 0 0 0 0 0 0 0 0 0 0 0 0
1340584827 76 0 0 7 0 0 0 0 0 0 0 0 0 0 0 0 0 0 0 0
1340584871 77 0 0 7 0 0 0 0 0 0 0 0 0 0 0 0 0 0 0 0
1340585968 78 0 0 7 0 0 0 0 0 0 0 0 0 0 0 0 0 0 0 0
1340593540 79 0 0 7 0 0 0 0 0 0 0 0 0 0 0 0 0 0 0 0
1340655753 80 0 0 7 0 0 0 0 0 0 0 0 0 0 0 0 0 0 0 0
1340661455 81 0 0 7 0 0 0 0 0 0 0 0 0 0 0 0 0 0 0 0
1340752326 82 0 0 7 0 0 0 0 0 0 0 0 0 0 0 0 0 0 0 0
1340752339 83 0 0 7 0 0 0 0 0 0 0 0 0 0 0 0 0 0 0 0
1340752378 84 0 0 7 0 0 0 0 0 0 0 0 0 0 0 0 0 0 0 0
1340752427 85 0 0 7 0 0 0 0 0 0 0 0 0 0 0 0 0 0 0 0
1340752453 86 0 0 7 0 0 0 0 0 0 0 0 0 0 0 0 0 0 0 0
1340752465 87 0 0 7 0 0 0 0 0 0 0 0 0 0 0 0 0 0 0 0
1340752508 88 0 0 7 0 0 0 0 0 0 0 0 0 0 0 0 0 0 0 0
1340775003 88 0 0 7 0 0 0 0 0 0 0 0 0 0 0 0 0 0 0 0
1340775038 88 0 0 7 0 0 0 0 0 0 0 0 0 0 0 0 0 0 0 0
1340794010 89 0 0 7 0 0 0 0 0 0 0 0 0 0 0 0 0 0 0 0
1340804653 90 0 0 7 0 0 0 0 0 0 0 0 0 0 0 0 0 0 0 0
1340804666 91 0 0 7 0 0 0 0 0 0 0 0 0 0 0 0 0 0 0 0
1340819947 92 0 0 7 0 0 0 0 0 0 0 0 0 0 0 0 0 0 0 0
1340820191 93 0 0 7 0 0 0 0 0 0 0 0 0 0 0 0 0 0 0 0
1340884081 94 0 0 7 0 0 0 0 0 0 0 0 0 0 0 0 0 0 0 0
1340927381 95 0 0 7 0 0 0 0 0 0 0 0 0 0 0 0 0 0 0 0
1341063314 96 0 0 7 0 0 0 0 0 0 0 0 0 0 0 0 0 0 0 0
1341063344 97 0 0 7 0 0 0 0 0 0 0 0 0 0 0 0 0 0 0 0
1341196718 98 0 0 7 0 0 0 0 0 0 0 0 0 0 0 0 0 0 0 0
1341196759 99 0 0 7 0 0 0 0 0 0 0 0 0 0 0 0 0 0 0 0
1341196829 100 0 0 7 0 0 0 0 0 0 0 0 0 0 0 0 0 0 0 0
1341196864 101 0 0 7 0 0 0 0 0 0 0 0 0 0 0 0 0 0 0 0
1341196891 102 0 0 7 0 0 0 0 0 0 0 0 0 0 0 0 0 0 0 0
1341197001 103 0 0 7 0 0 0 0 0 0 0 0 0 0 0 0 0 0 0 0
1341197072 104 0 0 7 0 0 0 0 0 0 0 0 0 0 0 0 0 0 0 0
1341199286 105 0 0 7 0 0 0 0 0 0 0 0 0 0 0 0 0 0 0 0
1341201384 106 0 0 7 0 0 0 0 0 0 0 0 0 0 0 0 0 0 0 0
1341201417 107 0 0 7 0 0 0 0 0 0 0 0 0 0 0 0 0 0 0 0
1341201441 108 0 0 7 0 0 0 0 0 0 0 0 0 0 0 0 0 0 0 0
1341439614 109 0 0 7 0 0 0 0 0 0 0 0 0 0 0 0 0 0 0 0
1341440406 110 0 0 7 0 0 0 0 0 0 0 0 0 0 0 0 0 0 0 0
1341441248 111 0 0 7 0 0 0 0 0 0 0 0 0 0 0 0 0 0 0 0
1341517254 112 0 0 7 0 0 0 0 0 0 0 0 0 0 0 0 0 0 0 0
1341519135 113 0 0 7 0 0 0 0 0 0 0 0 0 0 0 0 0 0 0 0
1341519164 114 0 0 7 0 0 0 0 0 0 0 0 0 0 0 0 0 0 0 0
1341530586 115 0 0 7 0 0 0 0 0 0 0 0 0 0 0 0 0 0 0 0
1341530615 116 0 0 7 0 0 0 0 0 0 0 0 0 0 0 0 0 0 0 0
1341530915 117 0 0 7 0 0 0 0 0 0 0 0 0 0 0 0 0 0 0 0
1341617053 118 0 0 7 0 0 0 0 0 0 0 0 0 0 0 0 0 0 0 0
1341617607 119 0 0 7 0 0 0 0 0 0 0 0 0 0 0 0 0 0 0 0
1341655650 120 0 0 7 0 0 0 0 0 0 0 0 0 0 0 0 0 0 0 0
1341684760 121 0 0 7 0 0 0 0 0 0 0 0 0 0 0 0 0 0 0 0
1341684789 122 0 0 7 0 0 0 0 0 0 0 0 0 0 0 0 0 0 0 0
1341684801 123 0 0 7 0 0 0 0 0 0 0 0 0 0 0 0 0 0 0 0
1341688180 124 0 0 7 0 0 0 0 0 0 0 0 0 0 0 0 0 0 0 0
1341697846 125 0 0 7 0 0 0 0 0 0 0 0 0 0 0 0 0 0 0 0
1341775472 126 0 0 7 0 0 0 0 0 0 0 0 0 0 0 0 0 0 0 0
1341775530 127 0 0 7 0 0 0 0 0 0 0 0 0 0 0 0 0 0 0 0
1341777616 127 0 0 8 0 0 0 0 0 0 0 0 0 0 0 0 0 0 0 0
1341778383 128 0 0 8 0 0 0 0 0 0 0 0 0 0 0 0 0 0 0 0
1341778424 129 0 0 8 0 0 0 0 0 0 0 0 0 0 0 0 0 0 0 0
1341778479 130 0 0 8 0 0 0 0 0 0 0 0 0 0 0 0 0 0 0 0
1341778492 131 0 0 8 0 0 0 0 0 0 0 0 0 0 0 0 0 0 0 0
1341778542 132 0 0 8 0 0 0 0 0 0 0 0 0 0 0 0 0 0 0 0
1341779000 133 0 0 8 0 0 0 0 0 0 0 0 0 0 0 0 0 0 0 0
1341779347 134 0 0 8 0 0 0 0 0 0 0 0 0 0 0 0 0 0 0 0
1341794050 135 0 0 8 0 0 0 0 0 0 0 0 0 0 0 0 0 0 0 0
1341794084 136 0 0 8 0 0 0 0 0 0 0 0 0 0 0 0 0 0 0 0
1341794116 137 0 0 8 0 0 0 0 0 0 0 0 0 0 0 0 0 0 0 0
1341794864 138 0 0 8 0 0 0 0 0 0 0 0 0 0 0 0 0 0 0 0
1341951350 139 0 0 8 0 0 0 0 0 0 0 0 0 0 0 0 0 0 0 0
1341951838 140 0 0 8 0 0 0 0 0 0 0 0 0 0 0 0 0 0 0 0
1341954692 141 0 0 8 0 0 0 0 0 0 0 0 0 0 0 0 0 0 0 0
1342115585 141 0 0 9 0 0 0 0 0 0 0 0 0 0 0 0 0 0 0 0
1342116310 141 0 0 10 0 0 0 0 0 0 0 0 0 0 0 0 0 0 0 0
1342118293 141 0 0 11 0 0 0 0 0 0 0 0 0 0 0 0 0 0 0 0
1342118766 141 0 0 12 0 0 0 0 0 0 0 0 0 0 0 0 0 0 0 0
1342118996 141 0 0 13 0 0 0 0 0 0 0 0 0 0 0 0 0 0 0 0
1342120325 141 0 0 14 0 0 0 0 0 0 0 0 0 0 0 0 0 0 0 0
1342120583 141 0 0 15 0 0 0 0 0 0 0 0 0 0 0 0 0 0 0 0
1342120663 142 0 0 15 0 0 0 0 0 0 0 0 0 0 0 0 0 0 0 0
1342120719 143 0 0 15 0 0 0 0 0 0 0 0 0 0 0 0 0 0 0 0
1342120741 144 0 0 15 0 0 0 0 0 0 0 0 0 0 0 0 0 0 0 0
1342120763 145 0 0 15 0 0 0 0 0 0 0 0 0 0 0 0 0 0 0 0
1342120917 145 0 0 16 0 0 0 0 0 0 0 0 0 0 0 0 0 0 0 0
1342121132 145 0 0 17 0 0 0 0 0 0 0 0 0 0 0 0 0 0 0 0
1342121363 145 0 0 18 0 0 0 0 0 0 0 0 0 0 0 0 0 0 0 0
1342121565 145 0 0 19 0 0 0 0 0 0 0 0 0 0 0 0 0 0 0 0
1342122145 145 0 0 20 0 0 0 0 0 0 0 0 0 0 0 0 0 0 0 0
1342122964 146 0 0 20 0 0 0 0 0 0 0 0 0 0 0 0 0 0 0 0
1342123329 147 0 0 20 0 0 0 0 0 0 0 0 0 0 0 0 0 0 0 0
1342128037 147 0 0 21 0 0 0 0 0 0 0 0 0 0 0 0 0 0 0 0
1342128591 148 0 0 21 0 0 0 0 0 0 0 0 0 0 0 0 0 0 0 0
1342128683 149 0 0 21 0 0 0 0 0 0 0 0 0 0 0 0 0 0 0 0
1342128837 150 0 0 21 0 0 0 0 0 0 0 0 0 0 0 0 0 0 0 0
1342128941 151 0 0 21 0 0 0 0 0 0 0 0 0 0 0 0 0 0 0 0
1342129173 152 0 0 21 0 0 0 0 0 0 0 0 0 0 0 0 0 0 0 0
1342130500 153 0 0 21 0 0 0 0 0 0 0 0 0 0 0 0 0 0 0 0
1342131015 154 0 0 21 0 0 0 0 0 0 0 0 0 0 0 0 0 0 0 0
1342131582 155 0 0 21 0 0 0 0 0 0 0 0 0 0 0 0 0 0 0 0
1342456310 156 0 0 21 0 0 0 0 0 0 0 0 0 0 0 0 0 0 0 0
1342456515 157 0 0 21 0 0 0 0 0 0 0 0 0 0 0 0 0 0 0 0
1342735835 158 0 0 21 0 0 0 0 0 0 0 0 0 0 0 0 0 0 0 0
1342736406 159 0 0 21 0 0 0 0 0 0 0 0 0 0 0 0 0 0 0 0
1342795983 159 0 0 21 0 0 0 0 0 0 0 0 0 0 0 0 0 0 0 0
1342796989 160 0 0 21 0 0 0 0 0 0 0 0 0 0 0 0 0 0 0 0
1343754638 161 0 0 21 0 0 0 0 0 0 0 0 0 0 0 0 0 0 0 0
1343754650 162 0 0 21 0 0 0 0 0 0 0 0 0 0 0 0 0 0 0 0
1343764851 163 0 0 21 0 0 0 0 0 0 0 0 0 0 0 0 0 0 0 0
1343764868 164 0 0 21 0 0 0 0 0 0 0 0 0 0 0 0 0 0 0 0
1343764990 165 0 0 21 0 0 0 0 0 0 0 0 0 0 0 0 0 0 0 0
1343765014 166 0 0 21 0 0 0 0 0 0 0 0 0 0 0 0 0 0 0 0
1343765082 167 0 0 21 0 0 0 0 0 0 0 0 0 0 0 0 0 0 0 0
1343765098 168 0 0 21 0 0 0 0 0 0 0 0 0 0 0 0 0 0 0 0
1343765160 169 0 0 21 0 0 0 0 0 0 0 0 0 0 0 0 0 0 0 0
1343765441 170 0 0 21 0 0 0 0 0 0 0 0 0 0 0 0 0 0 0 0
1343768264 171 0 0 21 0 0 0 0 0 0 0 0 0 0 0 0 0 0 0 0
1343768309 172 0 0 21 0 0 0 0 0 0 0 0 0 0 0 0 0 0 0 0
1343769059 173 0 0 21 0 0 0 0 0 0 0 0 0 0 0 0 0 0 0 0
1343834502 173 0 0 21 0 0 0 0 0 0 1 0 0 0 0 0 0 0 0 0
1343995586 173 0 0 21 0 0 0 0 0 0 2 0 0 0 0 0 0 0 0 0
1343996174 173 0 0 21 0 0 0 0 0 0 3 0 0 0 0 0 0 0 0 0
1343996367 173 0 0 21 0 0 0 0 0 0 4 0 0 0 0 0 0 0 0 0
1343997247 174 0 0 21 0 0 0 0 0 0 4 0 0 0 0 0 0 0 0 0
1343998664 175 0 0 21 0 0 0 0 0 0 4 0 0 0 0 0 0 0 0 0
1344000101 175 0 0 21 0 0 0 0 0 0 5 0 0 0 0 0 0 0 0 0
1344000957 176 0 0 21 0 0 0 0 0 0 5 0 0 0 0 0 0 0 0 0
1344252158 177 0 0 21 0 0 0 0 0 0 5 0 0 0 0 0 0 0 0 0
1346112093 177 0 0 21 0 0 0 0 0 0 5 0 0 0 1 0 0 0 0 0
1346115791 177 0 0 21 0 0 0 0 0 0 5 0 0 0 2 0 0 0 0 0
1346115842 177 0 0 21 0 0 0 0 0 0 5 0 0 0 3 0 0 0 0 0
1346117122 178 0 0 21 0 0 0 0 0 0 5 0 0 0 3 0 0 0 0 0
1346117224 179 0 0 21 0 0 0 0 0 0 5 0 0 0 3 0 0 0 0 0
1347433987 180 0 0 21 0 0 0 0 0 0 5 0 0 0 3 0 0 0 0 0
1347858035 181 0 0 21 0 0 0 0 0 0 5 0 0 0 3 0 0 0 0 0
1348685681 182 0 0 21 0 0 0 0 0 0 5 0 0 0 3 0 0 0 0 0
1348686327 183 0 0 21 0 0 0 0 0 0 5 0 0 0 3 0 0 0 0 0
1350630027 184 0 0 21 0 0 0 0 0 0 5 0 0 0 3 0 0 0 0 0
1350636635 185 0 0 21 0 0 0 0 0 0 5 0 0 0 3 0 0 0 0 0
1350888193 186 0 0 21 0 0 0 0 0 0 5 0 0 0 3 0 0 0 0 0
1350888804 187 0 0 21 0 0 0 0 0 0 5 0 0 0 3 0 0 0 0 0
1350889260 188 0 0 21 0 0 0 0 0 0 5 0 0 0 3 0 0 0 0 0
1350936058 188 0 0 21 0 0 0 0 1 0 5 0 0 0 3 0 0 0 0 0
1350961461 188 0 0 21 0 0 0 0 2 0 5 0 0 0 3 0 0 0 0 0
1350961709 188 0 0 21 0 0 0 0 3 0 5 0 0 0 3 0 0 0 0 0
1350961812 188 0 0 21 0 0 0 0 4 0 5 0 0 0 3 0 0 0 0 0
1350966669 188 0 0 21 0 0 0 0 5 0 5 0 0 0 3 0 0 0 0 0
1350995756 189 0 0 21 0 0 0 0 5 0 5 0 0 0 3 0 0 0 0 0
1351003089 190 0 0 21 0 0 0 0 5 0 5 0 0 0 3 0 0 0 0 0
1352275332 191 0 0 21 0 0 0 0 5 0 5 0 0 0 3 0 0 0 0 0
1352275399 192 0 0 21 0 0 0 0 5 0 5 0 0 0 3 0 0 0 0 0
1352275654 193 0 0 21 0 0 0 0 5 0 5 0 0 0 3 0 0 0 0 0
1352337057 194 0 0 21 0 0 0 0 5 0 5 0 0 0 3 0 0 0 0 0
1352428778 194 0 0 21 0 0 0 0 5 0 5 0 0 0 3 0 0 0 0 0
1352430923 195 0 0 21 0 0 0 0 5 0 5 0 0 0 3 0 0 0 0 0
1352473077 196 0 0 21 0 0 0 0 5 0 5 0 0 0 3 0 0 0 0 0
1353846578 196 0 0 21 0 0 0 0 5 0 5 0 0 0 3 0 0 0 1 0
1353846791 196 0 0 21 0 0 0 0 5 0 5 0 0 0 3 0 0 0 2 0
1353850233 197 0 0 21 0 0 0 0 5 0 5 0 0 0 3 0 0 0 2 0
1354217850 197 0 0 21 0 0 0 0 5 0 5 0 0 0 3 0 0 0 2 0
1354222231 198 0 0 21 0 0 0 0 5 0 5 0 0 0 3 0 0 0 2 0
1354222527 199 0 0 21 0 0 0 0 5 0 5 0 0 0 3 0 0 0 2 0
1354222605 200 0 0 21 0 0 0 0 5 0 5 0 0 0 3 0 0 0 2 0
1355095213 200 0 0 21 0 0 0 0 5 0 5 0 0 0 3 0 0 0 2 0
1355110049 201 0 0 21 0 0 0 0 5 0 5 0 0 0 3 0 0 0 2 0
1355770486 202 0 0 21 0 0 0 0 5 0 5 0 0 0 3 0 0 0 2 0
1355770597 203 0 0 21 0 0 0 0 5 0 5 0 0 0 3 0 0 0 2 0
1355770651 204 0 0 21 0 0 0 0 5 0 5 0 0 0 3 0 0 0 2 0
1355770680 205 0 0 21 0 0 0 0 5 0 5 0 0 0 3 0 0 0 2 0
1355771332 206 0 0 21 0 0 0 0 5 0 5 0 0 0 3 0 0 0 2 0
1358620578 206 0 0 21 0 0 0 0 5 0 5 0 0 0 3 0 0 0 2 0
1358620783 207 0 0 21 0 0 0 0 5 0 5 0 0 0 3 0 0 0 2 0
1358871723 208 0 0 21 0 0 0 0 5 0 5 0 0 0 3 0 0 0 2 0
1358871755 209 0 0 21 0 0 0 0 5 0 5 0 0 0 3 0 0 0 2 0
1358871782 210 0 0 21 0 0 0 0 5 0 5 0 0 0 3 0 0 0 2 0
1358872641 211 0 0 21 0 0 0 0 5 0 5 0 0 0 3 0 0 0 2 0
1359090451 211 0 0 21 0 0 0 0 6 0 5 0 0 0 3 0 0 0 2 0
1359091348 211 0 0 21 0 0 0 0 7 0 5 0 0 0 3 0 0 0 2 0
1359093510 211 0 0 21 0 0 0 0 8 0 5 0 0 0 3 0 0 0 2 0
1360103470 212 0 0 21 0 0 0 0 8 0 5 0 0 0 3 0 0 0 2 0
1360107518 213 0 0 21 0 0 0 0 8 0 5 0 0 0 3 0 0 0 2 0
1360108219 214 0 0 21 0 0 0 0 8 0 5 0 0 0 3 0 0 0 2 0
1360160462 215 0 0 21 0 0 0 0 8 0 5 0 0 0 3 0 0 0 2 0
1360162790 216 0 0 21 0 0 0 0 8 0 5 0 0 0 3 0 0 0 2 0
1360162836 217 0 0 21 0 0 0 0 8 0 5 0 0 0 3 0 0 0 2 0
1360163117 218 0 0 21 0 0 0 0 8 0 5 0 0 0 3 0 0 0 2 0
1360602273 218 0 0 21 0 0 0 0 8 0 5 0 0 0 3 0 0 0 2 0
1360602481 219 0 0 21 0 0 0 0 8 0 5 0 0 0 3 0 0 0 2 0
1360607224 219 0 0 21 0 1 0 0 8 0 5 0 0 0 3 0 0 0 2 0
1360607510 220 0 0 21 0 1 0 0 8 0 5 0 0 0 3 0 0 0 2 0
1360791988 224 0 0 21 0 1 0 0 8 0 5 0 0 0 3 0 0 0 2 0
1360842428 225 0 0 21 0 1 0 0 8 0 5 0 0 0 3 0 0 0 2 0
1360844020 226 0 0 21 0 1 0 0 8 0 5 0 0 0 3 0 0 0 2 0
1360880872 226 0 0 21 0 2 0 0 8 0 5 0 0 0 3 0 0 0 2 0
1360887229 227 0 0 21 0 2 0 0 8 0 5 0 0 0 3 0 0 0 2 0
1362088339 227 0 0 21 0 2 0 0 8 0 5 0 0 0 3 0 0 0 2 0
1362090596 227 0 0 21 0 3 0 0 8 0 5 0 0 0 3 0 0 0 2 0
1362091159 227 0 0 21 0 4 0 0 8 0 5 0 0 0 3 0 0 0 2 0
1362091260 227 0 0 21 0 5 0 0 8 0 5 0 0 0 3 0 0 0 2 0
1362236455 227 0 0 21 0 6 0 0 8 0 5 0 0 0 3 0 0 0 2 0
1362236626 227 0 0 21 0 7 0 0 8 0 5 0 0 0 3 0 0 0 2 0
1362236665 227 0 0 21 0 8 0 0 8 0 5 0 0 0 3 0 0 0 2 0
1362236803 227 0 0 21 0 9 0 0 8 0 5 0 0 0 3 0 0 0 2 0
1362236916 227 0 0 21 0 10 0 0 8 0 5 0 0 0 3 0 0 0 2 0
1362236987 227 0 0 21 0 11 0 0 8 0 5 0 0 0 3 0 0 0 2 0
1362251105 228 0 0 21 0 11 0 0 8 0 5 0 0 0 3 0 0 0 2 0
1362251412 229 0 0 21 0 11 0 0 8 0 5 0 0 0 3 0 0 0 2 0
1362252374 230 0 0 21 0 11 0 0 8 0 5 0 0 0 3 0 0 0 2 0
1362254630 231 0 0 21 0 11 0 0 8 0 5 0 0 0 3 0 0 0 2 0
1362255224 232 0 0 21 0 11 0 0 8 0 5 0 0 0 3 0 0 0 2 0
1362255594 233 0 0 21 0 11 0 0 8 0 5 0 0 0 3 0 0 0 2 0
1362255932 234 0 0 21 0 11 0 0 8 0 5 0 0 0 3 0 0 0 2 0
1362256034 235 0 0 21 0 11 0 0 8 0 5 0 0 0 3 0 0 0 2 0
1362342263 236 0 0 21 0 11 0 0 8 0 5 0 0 0 3 0 0 0 2 0
1362581221 236 0 0 21 0 11 1 0 8 0 5 0 0 0 3 0 0 0 2 0
1362582096 237 0 0 21 0 11 1 0 8 0 5 0 0 0 3 0 0 0 2 0
1362583212 238 0 0 21 0 11 1 0 8 0 5 0 0 0 3 0 0 0 2 0
1362584835 238 0 0 21 0 11 2 0 8 0 5 0 0 0 3 0 0 0 2 0
1362585438 238 0 0 21 0 11 3 0 8 0 5 0 0 0 3 0 0 0 2 0
1362586009 238 0 0 21 0 11 4 0 8 0 5 0 0 0 3 0 0 0 2 0
1362589832 239 0 0 21 0 11 4 0 8 0 5 0 0 0 3 0 0 0 2 0
1362589855 240 0 0 21 0 11 4 0 8 0 5 0 0 0 3 0 0 0 2 0
1362589926 241 0 0 21 0 11 4 0 8 0 5 0 0 0 3 0 0 0 2 0
1362607578 242 0 0 21 0 11 4 0 8 0 5 0 0 0 3 0 0 0 2 0
1362607634 243 0 0 21 0 11 4 0 8 0 5 0 0 0 3 0 0 0 2 0
1363165457 243 0 0 21 0 11 5 0 8 0 5 0 0 0 3 0 0 0 2 0
1363194090 244 0 0 21 0 11 5 0 8 0 5 0 0 0 3 0 0 0 2 0
1366077141 244 0 0 21 0 11 5 0 8 0 5 0 1 0 3 0 0 0 2 0
1366240741 244 0 0 21 0 11 5 0 8 0 5 0 2 0 3 0 0 0 2 0
1366326809 244 0 0 21 0 12 5 0 8 0 5 0 2 0 3 0 0 0 2 0
1366710281 245 0 0 21 0 12 5 0 8 0 5 0 2 0 3 0 0 0 2 0
1366842913 246 0 0 21 0 12 5 0 8 0 5 0 2 0 3 0 0 0 2 0
1367215817 246 0 0 21 0 12 5 0 8 0 5 0 2 0 3 0 0 0 2 0
1367221758 246 0 0 21 0 12 5 0 8 0 5 0 2 0 3 0 0 0 2 0
1368603241 247 0 0 21 0 12 5 0 8 0 5 0 2 0 3 0 0 0 2 0
1371522063 247 0 0 21 0 12 5 0 8 0 5 0 2 0 3 0 0 0 2 0
1371538549 248 0 0 21 0 12 5 0 8 0 5 0 2 0 3 0 0 0 2 0
1371538732 249 0 0 21 0 12 5 0 8 0 5 0 2 0 3 0 0 0 2 0
1374442238 250 0 0 21 0 12 5 0 8 0 5 0 2 0 3 0 0 0 2 0
1374443941 251 0 0 21 0 12 5 0 8 0 5 0 2 0 3 0 0 0 2 0
1374444119 252 0 0 21 0 12 5 0 8 0 5 0 2 0 3 0 0 0 2 0
1374444737 253 0 0 21 0 12 5 0 8 0 5 0 2 0 3 0 0 0 2 0
1374448892 254 0 0 21 0 12 5 0 8 0 5 0 2 0 3 0 0 0 2 0
1374449083 255 0 0 21 0 12 5 0 8 0 5 0 2 0 3 0 0 0 2 0
1374449857 256 0 0 21 0 12 5 0 8 0 5 0 2 0 3 0 0 0 2 0
1374450593 257 0 0 21 0 12 5 0 8 0 5 0 2 0 3 0 0 0 2 0
1374450649 258 0 0 21 0 12 5 0 8 0 5 0 2 0 3 0 0 0 2 0
1374450670 259 0 0 21 0 12 5 0 8 0 5 0 2 0 3 0 0 0 2 0
1374450694 260 0 0 21 0 12 5 0 8 0 5 0 2 0 3 0 0 0 2 0
1374451663 261 0 0 21 0 12 5 0 8 0 5 0 2 0 3 0 0 0 2 0
1374452926 262 0 0 21 0 12 5 0 8 0 5 0 2 0 3 0 0 0 2 0
1374452939 263 0 0 21 0 12 5 0 8 0 5 0 2 0 3 0 0 0 2 0
1374453063 264 0 0 21 0 12 5 0 8 0 5 0 2 0 3 0 0 0 2 0
1374453566 265 0 0 21 0 12 5 0 8 0 5 0 2 0 3 0 0 0 2 0
1374458458 266 0 0 21 0 12 5 0 8 0 5 0 2 0 3 0 0 0 2 0
1377683579 266 0 0 21 0 12 5 0 8 1 5 0 2 0 3 0 0 0 2 0
1378042586 267 0 0 21 0 12 5 0 8 4 5 0 2 0 3 0 0 0 2 0
1378043083 268 0 0 21 0 12 5 0 8 4 5 0 2 0 3 0 0 0 2 0
1378043686 269 0 0 21 0 12 5 0 8 4 5 0 2 0 3 0 0 0 2 0
1378043707 270 0 0 21 0 12 5 0 8 4 5 0 2 0 3 0 0 0 2 0
1378043740 271 0 0 21 0 12 5 0 8 4 5 0 2 0 3 0 0 0 2 0
1378043757 272 0 0 21 0 12 5 0 8 4 5 0 2 0 3 0 0 0 2 0
1378044432 273 0 0 21 0 12 5 0 8 4 5 0 2 0 3 0 0 0 2 0
1378044449 274 0 0 21 0 12 5 0 8 4 5 0 2 0 3 0 0 0 2 0
1378048275 275 0 0 21 0 12 5 0 8 4 5 0 2 0 3 0 0 0 2 0
1378052027 276 0 0 21 0 12 5 0 8 4 5 0 2 0 3 0 0 0 2 0
1379426083 276 0 0 21 0 12 5 0 8 5 5 0 2 0 3 0 0 0 2 0
1379426303 276 0 0 21 0 12 5 0 8 6 5 0 2 0 3 0 0 0 2 0
1379427250 277 0 0 21 0 12 5 0 8 6 5 0 2 0 3 0 0 0 2 0
1379427330 278 0 0 21 0 12 5 0 8 6 5 0 2 0 3 0 0 0 2 0
1379663306 278 0 0 21 0 12 6 0 8 6 5 0 2 0 3 0 0 0 2 0
1379665156 278 0 0 21 0 12 6 0 8 6 5 0 2 0 3 0 0 0 2 0
1379674356 278 0 0 21 1 12 6 0 8 6 5 0 2 0 3 0 0 0 2 0
1379675281 278 0 0 21 2 12 6 0 8 6 5 0 2 0 3 0 0 0 2 0
1379675468 278 0 0 21 3 12 6 0 8 6 5 0 2 0 3 0 0 0 2 0
1379681611 278 0 0 21 4 12 6 0 8 6 5 0 2 0 3 0 0 0 2 0
1379688387 278 0 0 21 5 12 6 0 8 6 5 0 2 0 3 0 0 0 2 0
1379688421 278 0 0 21 6 12 6 0 8 6 5 0 2 0 3 0 0 0 2 0
1379688433 278 0 0 21 7 12 6 0 8 6 5 0 2 0 3 0 0 0 2 0
1379688890 278 0 0 21 8 12 6 0 8 6 5 0 2 0 3 0 0 0 2 0
1379696116 278 0 0 21 9 12 6 0 8 6 5 0 2 0 3 0 0 0 2 0
1379697829 278 0 0 21 10 12 6 0 8 6 5 0 2 0 3 0 0 0 2 0
1379713829 278 0 0 21 11 12 6 0 8 6 5 0 2 0 3 0 0 0 2 0
1379780551 279 0 0 21 11 12 6 0 8 6 5 0 2 0 3 0 0 0 2 0
1379780576 280 0 0 21 11 12 6 0 8 6 5 0 2 0 3 0 0 0 2 0
1379780598 281 0 0 21 11 12 6 0 8 6 5 0 2 0 3 0 0 0 2 0
1379780629 282 0 0 21 11 12 6 0 8 6 5 0 2 0 3 0 0 0 2 0
1379780968 283 0 0 21 11 12 6 0 8 6 5 0 2 0 3 0 0 0 2 0
1379836269 283 0 0 21 12 12 6 0 8 6 5 0 2 0 3 0 0 0 2 0
1379836612 283 0 0 21 13 12 6 0 8 6 5 0 2 0 3 0 0 0 2 0
1379836672 283 0 0 21 14 12 6 0 8 6 5 0 2 0 3 0 0 0 2 0
1379849600 284 0 0 21 14 12 6 0 8 6 5 0 2 0 3 0 0 0 2 0
1379850137 285 0 0 21 14 12 6 0 8 6 5 0 2 0 3 0 0 0 2 0
1379881861 286 0 0 21 14 12 6 0 8 6 5 0 2 0 3 0 0 0 2 0
1379882215 287 0 0 21 14 12 6 0 8 6 5 0 2 0 3 0 0 0 2 0
1379883456 288 0 0 21 14 12 6 0 8 6 5 0 2 0 3 0 0 0 2 0
1379883606 289 0 0 21 14 12 6 0 8 6 5 0 2 0 3 0 0 0 2 0
1379884014 290 0 0 21 14 12 6 0 8 6 5 0 2 0 3 0 0 0 2 0
1379885425 291 0 0 21 14 12 6 0 8 6 5 0 2 0 3 0 0 0 2 0
1379886380 292 0 0 21 14 12 6 0 8 6 5 0 2 0 3 0 0 0 2 0
1379919502 292 0 0 21 14 12 6 0 8 6 5 0 2 0 3 0 0 0 2 0
1380646007 292 0 0 21 14 12 6 0 8 6 5 0 2 0 3 0 0 0 2 0
1380777485 292 0 0 21 14 12 7 0 8 6 5 0 2 0 3 0 0 0 2 0
1380838651 292 0 0 21 14 12 8 0 8 6 5 0 2 0 3 0 0 0 2 0
1380838706 292 0 0 21 14 12 9 0 8 6 5 0 2 0 3 0 0 0 2 0
1380839345 292 0 0 21 14 12 10 0 8 6 5 0 2 0 3 0 0 0 2 0
1380860472 293 0 0 21 14 12 10 0 8 6 5 0 2 0 3 0 0 0 2 0
1382506683 294 0 0 21 14 12 10 0 8 6 5 0 2 0 3 0 0 0 2 0
1382507411 295 0 0 21 14 12 10 0 8 6 5 0 2 0 3 0 0 0 2 0
1382509635 297 0 0 21 14 12 10 0 8 6 5 0 2 0 3 0 0 0 2 0
1382510327 298 0 0 21 14 12 10 0 8 6 5 0 2 0 3 0 0 0 2 0
1382511063 299 0 0 21 14 12 10 0 8 6 5 0 2 0 3 0 0 0 2 0
1382511110 300 0 0 21 14 12 10 0 8 6 5 0 2 0 3 0 0 0 2 0
1382511574 301 0 0 21 14 12 10 0 8 6 5 0 2 0 3 0 0 0 2 0
1382675919 301 0 0 21 14 12 10 0 8 6 5 0 3 0 3 0 0 0 2 0
1382687472 302 0 0 21 14 12 10 0 8 6 5 0 3 0 3 0 0 0 2 0
1382920041 302 0 0 21 14 12 10 0 8 6 5 0 4 0 3 0 0 0 2 0
1382941671 303 0 0 21 14 12 10 0 8 6 5 0 4 0 3 0 0 0 2 0
1382942588 304 0 0 21 14 12 10 0 8 6 5 0 4 0 3 0 0 0 2 0
1382943345 305 0 0 21 14 12 10 0 8 6 5 0 4 0 3 0 0 0 2 0
1382943681 306 0 0 21 14 12 10 0 8 6 5 0 4 0 3 0 0 0 2 0
1382943737 307 0 0 21 14 12 10 0 8 6 5 0 4 0 3 0 0 0 2 0
1382944186 308 0 0 21 14 12 10 0 8 6 5 0 4 0 3 0 0 0 2 0
1383312180 309 0 0 21 14 12 10 0 8 6 5 0 4 0 3 0 0 0 2 0
1383312261 310 0 0 21 14 12 10 0 8 6 5 0 4 0 3 0 0 0 2 0
1383312302 311 0 0 21 14 12 10 0 8 6 5 0 4 0 3 0 0 0 2 0
1383312871 312 0 0 21 14 12 10 0 8 6 5 0 4 0 3 0 0 0 2 0
1383313029 313 0 0 21 14 12 10 0 8 6 5 0 4 0 3 0 0 0 2 0
1383313052 314 0 0 21 14 12 10 0 8 6 5 0 4 0 3 0 0 0 2 0
1383315820 315 0 0 21 14 12 10 0 8 6 5 0 4 0 3 0 0 0 2 0
1383315840 316 0 0 21 14 12 10 0 8 6 5 0 4 0 3 0 0 0 2 0
1383317245 317 0 0 21 14 12 10 0 8 6 5 0 4 0 3 0 0 0 2 0
1383317628 318 0 0 21 14 12 10 0 8 6 5 0 4 0 3 0 0 0 2 0
1384194951 321 0 0 21 14 12 10 0 8 6 5 0 4 0 3 0 0 0 2 0
1384197398 322 0 0 21 14 12 10 0 8 6 5 0 4 0 3 0 0 0 2 0
1384207017 323 0 0 21 14 12 10 0 8 6 5 0 4 0 3 0 0 0 2 0
1384367805 324 0 0 21 14 12 10 0 8 6 5 0 4 0 3 0 0 0 2 0
1385109988 324 0 0 21 14 12 10 0 8 6 5 0 4 0 3 1 0 0 2 0
1385110056 324 0 0 21 14 12 10 0 8 6 5 0 4 0 3 2 0 0 2 0
1385110567 324 0 0 21 14 12 10 0 8 6 5 0 4 0 3 3 0 0 2 0
1385537566 325 0 0 21 14 12 10 0 8 6 5 0 4 0 3 3 0 0 2 0
1385538723 326 0 0 21 14 12 10 0 8 6 5 0 4 0 3 3 0 0 2 0
1386941680 327 0 0 21 14 12 10 0 8 6 5 0 4 0 3 3 0 0 2 0
1391080915 328 0 0 21 14 12 10 0 8 6 5 0 4 0 3 3 0 0 2 0
1391080944 329 0 0 21 14 12 10 0 8 6 5 0 4 0 3 3 0 0 2 0
1391084706 330 0 0 21 14 12 10 0 8 6 5 0 4 0 3 3 0 0 2 0
1391163961 331 0 0 21 14 12 10 0 8 6 5 0 4 0 3 3 0 0 2 0
1391246571 332 0 0 21 14 12 10 0 8 6 5 0 4 0 3 3 0 0 2 0
1391246595 333 0 0 21 14 12 10 0 8 6 5 0 4 0 3 3 0 0 2 0
1393786523 334 0 0 21 14 12 10 0 8 6 5 0 4 2 3 3 0 0 2 0
1394011322 334 0 0 21 14 12 10 0 8 6 5 0 4 3 3 3 0 0 2 0
1394012296 334 0 0 21 14 12 10 0 8 6 5 0 4 4 3 3 0 0 2 0
1395579033 335 0 0 21 14 12 10 0 8 6 5 0 4 4 3 3 0 0 2 0
1398355670 335 0 0 21 14 12 10 1 8 6 5 0 4 4 3 3 0 0 2 0
1398355698 335 0 0 21 14 12 10 2 8 6 5 0 4 4 3 3 0 0 2 0
1398355746 335 0 0 21 14 12 10 3 8 6 5 0 4 4 3 3 0 0 2 0
1398355894 335 0 0 21 14 12 10 4 8 6 5 0 4 4 3 3 0 0 2 0
1398356033 335 0 0 21 14 12 10 5 8 6 5 0 4 4 3 3 0 0 2 0
1398356512 335 0 0 21 14 12 10 6 8 6 5 0 4 4 3 3 0 0 2 0
1398356619 335 0 0 21 14 12 10 7 8 6 5 0 4 4 3 3 0 0 2 0
1398357212 335 0 0 21 14 12 10 8 8 6 5 0 4 4 3 3 0 0 2 0
1399662314 335 0 0 21 14 12 10 8 8 6 5 0 4 4 3 3 0 0 2 0
1399663650 336 0 0 21 14 12 10 8 8 6 5 0 4 4 3 3 0 0 2 0
1401210973 337 0 0 21 14 12 10 8 8 6 5 0 4 4 3 3 0 0 2 0
1401212055 338 0 0 21 14 12 10 8 8 6 5 0 4 4 3 3 0 0 2 0
1401212368 339 0 0 21 14 12 10 8 8 6 5 0 4 4 3 3 0 0 2 0
1401212418 340 0 0 21 14 12 10 8 8 6 5 0 4 4 3 3 0 0 2 0
1401212674 341 0 0 21 14 12 10 8 8 6 5 0 4 4 3 3 0 0 2 0
1401213620 342 0 0 21 14 12 10 8 8 6 5 0 4 4 3 3 0 0 2 0
1401213873 343 0 0 21 14 12 10 8 8 6 5 0 4 4 3 3 0 0 2 0
1401214000 344 0 0 21 14 12 10 8 8 6 5 0 4 4 3 3 0 0 2 0
1401214407 345 0 0 21 14 12 10 8 8 6 5 0 4 4 3 3 0 0 2 0
1401214682 346 0 0 21 14 12 10 8 8 6 5 0 4 4 3 3 0 0 2 0
1401215147 347 0 0 21 14 12 10 8 8 6 5 0 4 4 3 3 0 0 2 0
1401215162 348 0 0 21 14 12 10 8 8 6 5 0 4 4 3 3 0 0 2 0
1401215318 349 0 0 21 14 12 10 8 8 6 5 0 4 4 3 3 0 0 2 0
1401215650 350 0 0 21 14 12 10 8 8 6 5 0 4 4 3 3 0 0 2 0
1401215668 351 0 0 21 14 12 10 8 8 6 5 0 4 4 3 3 0 0 2 0
1401216173 352 0 0 21 14 12 10 8 8 6 5 0 4 4 3 3 0 0 2 0
1402430807 353 0 0 21 14 12 10 8 8 6 5 0 4 4 3 3 0 0 2 0
1402431092 354 0 0 21 14 12 10 8 8 6 5 0 4 4 3 3 0 0 2 0
1402431570 355 0 0 21 14 12 10 8 8 6 5 0 4 4 3 3 0 0 2 0
1402436586 356 0 0 21 14 12 10 8 8 6 5 0 4 4 3 3 0 0 2 0
1402436751 357 0 0 21 14 12 10 8 8 6 5 0 4 4 3 3 0 0 2 0
1402437617 359 0 0 21 14 12 10 8 8 6 5 0 4 4 3 3 0 0 2 0
1403177359 359 0 0 21 14 12 10 8 8 6 5 0 4 4 3 3 0 0 2 0
1403279473 360 0 0 21 14 12 10 8 8 6 5 0 4 4 3 3 0 0 2 0
1403984500 361 0 0 21 14 12 10 8 8 6 5 0 4 4 3 3 0 0 2 0
1403984525 362 0 0 21 14 12 10 8 8 6 5 0 4 4 3 3 0 0 2 0
1403986451 363 0 0 21 14 12 10 8 8 6 5 0 4 4 3 3 0 0 2 0
1403986505 364 0 0 21 14 12 10 8 8 6 5 0 4 4 3 3 0 0 2 0
1404035629 365 0 0 21 14 12 10 8 8 6 5 0 4 4 3 3 0 0 2 0
1404035670 366 0 0 21 14 12 10 8 8 6 5 0 4 4 3 3 0 0 2 0
1404035695 367 0 0 21 14 12 10 8 8 6 5 0 4 4 3 3 0 0 2 0
1404048487 368 0 0 21 14 12 10 8 8 6 5 0 4 4 3 3 0 0 2 0
1404051913 369 0 0 21 14 12 10 8 8 6 5 0 4 4 3 3 0 0 2 0
1404052442 370 0 0 21 14 12 10 8 8 6 5 0 4 4 3 3 0 0 2 0
1404054630 371 0 0 21 14 12 10 8 8 6 5 0 4 4 3 3 0 0 2 0
1404055953 372 0 0 21 14 12 10 8 8 6 5 0 4 4 3 3 0 0 2 0
1404056975 373 0 0 21 14 12 10 8 8 6 5 0 4 4 3 3 0 0 2 0
1404057658 374 0 0 21 14 12 10 8 8 6 5 0 4 4 3 3 0 0 2 0
1404057874 375 0 0 21 14 12 10 8 8 6 5 0 4 4 3 3 0 0 2 0
1404058136 376 0 0 21 14 12 10 8 8 6 5 0 4 4 3 3 0 0 2 0
1404058383 377 0 0 21 14 12 10 8 8 6 5 0 4 4 3 3 0 0 2 0
1404059247 378 0 0 21 14 12 10 8 8 6 5 0 4 4 3 3 0 0 2 0
1404059271 379 0 0 21 14 12 10 8 8 6 5 0 4 4 3 3 0 0 2 0
1404060318 380 0 0 21 14 12 10 8 8 6 5 0 4 4 3 3 0 0 2 0
1404060867 381 0 0 21 14 12 10 8 8 6 5 0 4 4 3 3 0 0 2 0
1404063855 382 0 0 21 14 12 10 8 8 6 5 0 4 4 3 3 0 0 2 0
1404064836 383 0 0 21 14 12 10 8 8 6 5 0 4 4 3 3 0 0 2 0
1404065329 384 0 0 21 14 12 10 8 8 6 5 0 4 4 3 3 0 0 2 0
1404065624 385 0 0 21 14 12 10 8 8 6 5 0 4 4 3 3 0 0 2 0
1404065690 386 0 0 21 14 12 10 8 8 6 5 0 4 4 3 3 0 0 2 0
1404069818 387 0 0 21 14 12 10 8 8 6 5 0 4 4 3 3 0 0 2 0
1404069828 388 0 0 21 14 12 10 8 8 6 5 0 4 4 3 3 0 0 2 0
1404071205 389 0 0 21 14 12 10 8 8 6 5 0 4 4 3 3 0 0 2 0
1404071253 390 0 0 21 14 12 10 8 8 6 5 0 4 4 3 3 0 0 2 0
1404071280 391 0 0 21 14 12 10 8 8 6 5 0 4 4 3 3 0 0 2 0
1404071294 392 0 0 21 14 12 10 8 8 6 5 0 4 4 3 3 0 0 2 0
1404072101 393 0 0 21 14 12 10 8 8 6 5 0 4 4 3 3 0 0 2 0
1404079379 394 0 0 21 14 12 10 8 8 6 5 0 4 4 3 3 0 0 2 0
1404129450 395 0 0 21 14 12 10 8 8 6 5 0 4 4 3 3 0 0 2 0
1404159852 396 0 0 21 14 12 10 8 8 6 5 0 4 4 3 3 0 0 2 0
1404159954 397 0 0 21 14 12 10 8 8 6 5 0 4 4 3 3 0 0 2 0
1404165018 398 0 0 21 14 12 10 8 8 6 5 0 4 4 3 3 0 0 2 0
1404519489 399 0 0 21 14 12 10 8 8 6 5 0 4 4 3 3 0 0 2 0
1404519499 400 0 0 21 14 12 10 8 8 6 5 0 4 4 3 3 0 0 2 0
1404519505 401 0 0 21 14 12 10 8 8 6 5 0 4 4 3 3 0 0 2 0
1404540626 401 0 0 21 14 12 10 8 8 6 5 1 4 4 3 3 0 0 2 0
1404540785 401 0 0 21 14 12 10 8 8 6 5 2 4 4 3 3 0 0 2 0
1404540840 401 0 0 21 14 12 10 8 8 6 5 3 4 4 3 3 0 0 2 0
1404711941 401 0 0 21 14 12 10 8 8 6 5 4 4 4 3 3 0 0 2 0
1404824027 401 0 0 21 14 12 10 8 8 6 5 5 4 4 3 3 0 0 2 0
1404934171 402 0 0 21 14 12 10 8 8 6 5 5 4 4 3 3 0 0 2 0
1404934216 403 0 0 21 14 12 10 8 8 6 5 5 4 4 3 3 0 0 2 0
1404934900 404 0 0 21 14 12 10 8 8 6 5 5 4 4 3 3 0 0 2 0
1404936351 405 0 0 21 14 12 10 8 8 6 5 5 4 4 3 3 0 0 2 0
1404936796 406 0 0 21 14 12 10 8 8 6 5 5 4 4 3 3 0 0 2 0
1404937209 407 0 0 21 14 12 10 8 8 6 5 5 4 4 3 3 0 0 2 0
1404937339 408 0 0 21 14 12 10 8 8 6 5 5 4 4 3 3 0 0 2 0
1404938511 409 0 0 21 14 12 10 8 8 6 5 5 4 4 3 3 0 0 2 0
1404938796 410 0 0 21 14 12 10 8 8 6 5 5 4 4 3 3 0 0 2 0
1404938880 411 0 0 21 14 12 10 8 8 6 5 5 4 4 3 3 0 0 2 0
1405379854 411 1 0 21 14 12 10 8 8 6 5 5 4 4 3 3 0 0 2 0
1406207197 411 1 0 21 14 12 10 8 8 6 5 5 4 4 3 3 0 1 2 0
1406298649 411 2 0 21 14 12 10 8 8 6 5 5 4 4 3 3 0 1 2 0
1406298801 411 3 0 21 14 12 10 8 8 6 5 5 4 4 3 3 0 1 2 0
1406298916 411 4 0 21 14 12 10 8 8 6 5 5 4 4 3 3 0 1 2 0
1406299267 411 5 0 21 14 12 10 8 8 6 5 5 4 4 3 3 0 1 2 0
1406299560 411 6 0 21 14 12 10 8 8 6 5 5 4 4 3 3 0 1 2 0
1406299595 411 7 0 21 14 12 10 8 8 6 5 5 4 4 3 3 0 1 2 0
1406299638 411 8 0 21 14 12 10 8 8 6 5 5 4 4 3 3 0 1 2 0
1406299762 411 9 0 21 14 12 10 8 8 6 5 5 4 4 3 3 0 1 2 0
1406299801 411 10 0 21 14 12 10 8 8 6 5 5 4 4 3 3 0 1 2 0
1406299875 411 11 0 21 14 12 10 8 8 6 5 5 4 4 3 3 0 1 2 0
1406299919 411 12 0 21 14 12 10 8 8 6 5 5 4 4 3 3 0 1 2 0
1406299959 411 13 0 21 14 12 10 8 8 6 5 5 4 4 3 3 0 1 2 0
1406300006 411 14 0 21 14 12 10 8 8 6 5 5 4 4 3 3 0 1 2 0
1406300079 411 15 0 21 14 12 10 8 8 6 5 5 4 4 3 3 0 1 2 0
1406300120 411 16 0 21 14 12 10 8 8 6 5 5 4 4 3 3 0 1 2 0
1406300159 411 17 0 21 14 12 10 8 8 6 5 5 4 4 3 3 0 1 2 0
1406300260 411 18 0 21 14 12 10 8 8 6 5 5 4 4 3 3 0 1 2 0
1406300651 411 19 0 21 14 12 10 8 8 6 5 5 4 4 3 3 0 1 2 0
1406541456 411 19 0 21 14 12 10 8 8 6 5 5 4 4 3 3 0 2 2 0
1406559920 411 20 0 21 14 12 10 8 8 6 5 5 4 4 3 3 0 2 2 0
1406562649 411 21 0 21 14 12 10 8 8 6 5 5 4 4 3 3 0 2 2 0
1406565994 411 22 0 21 14 12 10 8 8 6 5 5 4 4 3 3 0 2 2 0
1406568051 411 23 0 21 14 12 10 8 8 6 5 5 4 4 3 3 0 2 2 0
1406580843 411 24 0 21 14 12 10 8 8 6 5 5 4 4 3 3 0 2 2 0
1406588016 412 24 0 21 14 12 10 8 8 6 5 5 4 4 3 3 0 2 2 0
1406588210 413 24 0 21 14 12 10 8 8 6 5 5 4 4 3 3 0 2 2 0
1406588249 414 24 0 21 14 12 10 8 8 6 5 5 4 4 3 3 0 2 2 0
1406588268 415 24 0 21 14 12 10 8 8 6 5 5 4 4 3 3 0 2 2 0
1406592780 416 24 0 21 14 12 10 8 8 6 5 5 4 4 3 3 0 2 2 0
1406592790 417 24 0 21 14 12 10 8 8 6 5 5 4 4 3 3 0 2 2 0
1406598779 417 25 0 21 14 12 10 8 8 6 5 5 4 4 3 3 0 2 2 0
1406598834 417 26 0 21 14 12 10 8 8 6 5 5 4 4 3 3 0 2 2 0
1406639852 418 26 0 21 14 12 10 8 8 6 5 5 4 4 3 3 0 2 2 0
1406707212 418 26 0 21 14 12 10 8 8 6 5 5 4 4 3 3 0 2 2 0
1406709703 419 26 0 21 14 12 10 8 8 6 5 5 4 4 3 3 0 2 2 0
1406725524 420 26 0 21 14 12 10 8 8 6 5 5 4 4 3 3 0 2 2 0
1406733969 420 27 0 21 14 12 10 8 8 6 5 5 4 4 3 3 0 2 2 0
1406733999 420 28 0 21 14 12 10 8 8 6 5 5 4 4 3 3 0 2 2 0
1406734019 420 29 0 21 14 12 10 8 8 6 5 5 4 4 3 3 0 2 2 0
1406734042 420 30 0 21 14 12 10 8 8 6 5 5 4 4 3 3 0 2 2 0
1406734061 420 31 0 21 14 12 10 8 8 6 5 5 4 4 3 3 0 2 2 0
1406734080 420 32 0 21 14 12 10 8 8 6 5 5 4 4 3 3 0 2 2 0
1406736560 420 33 0 21 14 12 10 8 8 6 5 5 4 4 3 3 0 2 2 0
1406736580 420 34 0 21 14 12 10 8 8 6 5 5 4 4 3 3 0 2 2 0
1406736599 420 35 0 21 14 12 10 8 8 6 5 5 4 4 3 3 0 2 2 0
1406736619 420 36 0 21 14 12 10 8 8 6 5 5 4 4 3 3 0 2 2 0
1406736638 420 37 0 21 14 12 10 8 8 6 5 5 4 4 3 3 0 2 2 0
1406736663 420 38 0 21 14 12 10 8 8 6 5 5 4 4 3 3 0 2 2 0
1406736681 420 39 0 21 14 12 10 8 8 6 5 5 4 4 3 3 0 2 2 0
1406736704 420 40 0 21 14 12 10 8 8 6 5 5 4 4 3 3 0 2 2 0
1406736725 420 41 0 21 14 12 10 8 8 6 5 5 4 4 3 3 0 2 2 0
1406736741 420 42 0 21 14 12 10 8 8 6 5 5 4 4 3 3 0 2 2 0
1406736766 420 43 0 21 14 12 10 8 8 6 5 5 4 4 3 3 0 2 2 0
1406756301 421 43 0 21 14 12 10 8 8 6 5 5 4 4 3 3 0 2 2 0
1406762655 422 43 0 21 14 12 10 8 8 6 5 5 4 4 3 3 0 2 2 0
1406763486 423 43 0 21 14 12 10 8 8 6 5 5 4 4 3 3 0 2 2 0
1406763969 424 43 0 21 14 12 10 8 8 6 5 5 4 4 3 3 0 2 2 0
1406796162 425 43 0 21 14 12 10 8 8 6 5 5 4 4 3 3 0 2 2 0
1410119395 425 43 0 21 14 12 10 8 8 6 5 5 4 4 3 3 0 2 2 0
1413830317 425 43 1 21 14 12 10 8 8 6 5 5 4 4 3 3 0 2 2 0
1413830758 426 43 1 21 14 12 10 8 8 6 5 5 4 4 3 3 0 2 2 0
1413831011 427 43 1 21 14 12 10 8 8 6 5 5 4 4 3 3 0 2 2 0
1414410301 427 43 2 21 14 12 10 8 8 6 5 5 4 4 3 3 0 2 2 0
1414419275 427 43 3 21 14 12 10 8 8 6 5 5 4 4 3 3 0 2 2 0
1414422480 427 43 4 21 14 12 10 8 8 6 5 5 4 4 3 3 0 2 2 0
1414428197 428 43 4 21 14 12 10 8 8 6 5 5 4 4 3 3 0 2 2 0
1414428230 429 43 5 21 14 12 10 8 8 6 5 5 4 4 3 3 0 2 2 0
1414448680 429 43 6 21 14 12 10 8 8 6 5 5 4 4 3 3 0 2 2 0
1414454000 429 43 7 21 14 12 10 8 8 6 5 5 4 4 3 3 0 2 2 0
1414456057 429 43 8 21 14 12 10 8 8 6 5 5 4 4 3 3 0 2 2 0
1414529776 430 43 8 21 14 12 10 8 8 6 5 5 4 4 3 3 0 2 2 0
1414530819 431 43 11 21 14 12 10 8 8 6 5 5 4 4 3 3 0 2 2 0
1414540431 432 43 11 21 14 12 10 8 8 6 5 5 4 4 3 3 0 2 2 0
1414540564 433 43 11 21 14 12 10 8 8 6 5 5 4 4 3 3 0 2 2 0
1414540613 434 43 11 21 14 12 10 8 8 6 5 5 4 4 3 3 0 2 2 0
1414540668 435 43 11 21 14 12 10 8 8 6 5 5 4 4 3 3 0 2 2 0
1414542049 436 43 11 21 14 12 10 8 8 6 5 5 4 4 3 3 0 2 2 0
1414542070 437 43 11 21 14 12 10 8 8 6 5 5 4 4 3 3 0 2 2 0
1414542753 438 43 11 21 14 12 10 8 8 6 5 5 4 4 3 3 0 2 2 0
1414542817 439 43 11 21 14 12 10 8 8 6 5 5 4 4 3 3 0 2 2 0
1414544162 440 43 11 21 14 12 10 8 8 6 5 5 4 4 3 3 0 2 2 0
1414544800 441 43 11 21 14 12 10 8 8 6 5 5 4 4 3 3 0 2 2 0
1414545888 442 43 11 21 14 12 10 8 8 6 5 5 4 4 3 3 0 2 2 0
1414766998 443 43 11 21 14 12 10 8 8 6 5 5 4 4 3 3 0 2 2 0
1414767255 444 43 11 21 14 12 10 8 8 6 5 5 4 4 3 3 0 2 2 0
1414767293 445 43 11 21 14 12 10 8 8 6 5 5 4 4 3 3 0 2 2 0
1414767309 446 43 11 21 14 12 10 8 8 6 5 5 4 4 3 3 0 2 2 0
1414768602 447 43 11 21 14 12 10 8 8 6 5 5 4 4 3 3 0 2 2 0
1414768672 448 43 11 21 14 12 10 8 8 6 5 5 4 4 3 3 0 2 2 0
1414768681 449 43 11 21 14 12 10 8 8 6 5 5 4 4 3 3 0 2 2 0
1414768693 450 43 11 21 14 12 10 8 8 6 5 5 4 4 3 3 0 2 2 0
1414768722 451 43 11 21 14 12 10 8 8 6 5 5 4 4 3 3 0 2 2 0
1414768807 452 43 11 21 14 12 10 8 8 6 5 5 4 4 3 3 0 2 2 0
1414769745 453 43 11 21 14 12 10 8 8 6 5 5 4 4 3 3 0 2 2 0
1414772616 454 43 11 21 14 12 10 8 8 6 5 5 4 4 3 3 0 2 2 0
1414773000 455 43 11 21 14 12 10 8 8 6 5 5 4 4 3 3 0 2 2 0
1414773715 456 43 11 21 14 12 10 8 8 6 5 5 4 4 3 3 0 2 2 0
1414773799 457 43 11 21 14 12 10 8 8 6 5 5 4 4 3 3 0 2 2 0
1414774870 458 43 11 21 14 12 10 8 8 6 5 5 4 4 3 3 0 2 2 0
1414776700 459 43 11 21 14 12 10 8 8 6 5 5 4 4 3 3 0 2 2 0
1414776811 460 43 11 21 14 12 10 8 8 6 5 5 4 4 3 3 0 2 2 0
1414784054 461 43 11 21 14 12 10 8 8 6 5 5 4 4 3 3 0 2 2 0
1414786260 462 43 11 21 14 12 10 8 8 6 5 5 4 4 3 3 0 2 2 0
1414786907 463 43 11 21 14 12 10 8 8 6 5 5 4 4 3 3 0 2 2 0
1414935806 464 43 11 21 14 12 10 8 8 6 5 5 4 4 3 3 0 2 2 0
1414937856 465 43 11 21 14 12 10 8 8 6 5 5 4 4 3 3 0 2 2 0
1414938283 466 43 11 21 14 12 10 8 8 6 5 5 4 4 3 3 0 2 2 0
1414940297 467 43 11 21 14 12 10 8 8 6 5 5 4 4 3 3 0 2 2 0
1414940755 468 43 11 21 14 12 10 8 8 6 5 5 4 4 3 3 0 2 2 0
1414942562 469 43 11 21 14 12 10 8 8 6 5 5 4 4 3 3 0 2 2 0
1414942577 470 43 11 21 14 12 10 8 8 6 5 5 4 4 3 3 0 2 2 0
1414944191 471 43 11 21 14 12 10 8 8 6 5 5 4 4 3 3 0 2 2 0
1414944987 472 43 11 21 14 12 10 8 8 6 5 5 4 4 3 3 0 2 2 0
1414945061 473 43 11 21 14 12 10 8 8 6 5 5 4 4 3 3 0 2 2 0
1414945164 474 43 11 21 14 12 10 8 8 6 5 5 4 4 3 3 0 2 2 0
1414951242 475 43 11 21 14 12 10 8 8 6 5 5 4 4 3 3 0 2 2 0
1414951252 476 43 11 21 14 12 10 8 8 6 5 5 4 4 3 3 0 2 2 0
1414952876 477 43 11 21 14 12 10 8 8 6 5 5 4 4 3 3 0 2 2 0
1414963286 478 43 11 21 14 12 10 8 8 6 5 5 4 4 3 3 0 2 2 0
1415114261 478 43 12 21 14 12 10 8 8 6 5 5 4 4 3 3 0 2 2 0
1415206868 479 43 12 21 14 12 10 8 8 6 5 5 4 4 3 3 0 2 2 0
1415211132 480 43 12 21 14 12 10 8 8 6 5 5 4 4 3 3 0 2 2 0
1415214037 481 43 12 21 14 12 10 8 8 6 5 5 4 4 3 3 0 2 2 0
1415214129 482 43 12 21 14 12 10 8 8 6 5 5 4 4 3 3 0 2 2 0
1415214163 483 43 12 21 14 12 10 8 8 6 5 5 4 4 3 3 0 2 2 0
1415215148 484 43 12 21 14 12 10 8 8 6 5 5 4 4 3 3 0 2 2 0
1415215648 485 43 12 21 14 12 10 8 8 6 5 5 4 4 3 3 0 2 2 0
1415216439 486 43 12 21 14 12 10 8 8 6 5 5 4 4 3 3 0 2 2 0
1415221975 487 43 12 21 14 12 10 8 8 6 5 5 4 4 3 3 0 2 2 0
1415222730 488 43 12 21 14 12 10 8 8 6 5 5 4 4 3 3 0 2 2 0
1415281512 489 43 12 21 14 12 10 8 8 6 5 5 4 4 3 3 0 2 2 0
1415319379 490 43 12 21 14 12 10 8 8 6 5 5 4 4 3 3 0 2 2 0
1415319574 491 43 12 21 14 12 10 8 8 6 5 5 4 4 3 3 0 2 2 0
1415319901 492 43 12 21 14 12 10 8 8 6 5 5 4 4 3 3 0 2 2 0
1415319985 493 43 12 21 14 12 10 8 8 6 5 5 4 4 3 3 0 2 2 0
1415320154 494 43 12 21 14 12 10 8 8 6 5 5 4 4 3 3 0 2 2 0
1417027682 495 43 12 21 14 12 10 8 8 6 5 5 4 4 3 3 0 2 2 0
1421503390 495 43 12 21 14 12 10 8 8 6 5 5 4 4 3 3 0 2 2 0
1421516306 496 43 12 21 14 12 10 8 8 6 5 5 4 4 3 3 0 2 2 0
1423668007 497 43 12 21 14 12 10 8 8 6 5 5 4 4 3 3 0 2 2 0
1423672163 497 43 12 21 14 12 10 8 8 6 5 5 4 4 3 3 0 2 2 1
1423672900 497 43 12 21 14 12 10 8 8 6 5 5 4 4 3 3 0 2 2 2
1423740939 498 43 12 21 14 12 10 8 8 6 5 5 4 4 3 3 0 2 2 2
1423740973 499 43 12 21 14 12 10 8 8 6 5 5 4 4 3 3 0 2 2 2
1423741012 500 43 12 21 14 12 10 8 8 6 5 5 4 4 3 3 0 2 2 2
1424456203 500 43 12 21 14 12 10 8 8 6 5 5 4 4 3 3 0 2 2 2
1426081068 500 43 13 21 14 12 10 8 8 6 5 5 4 4 3 3 0 2 2 2
1426083963 501 43 13 21 14 12 10 8 8 6 5 5 4 4 3 3 0 2 2 2
1426767838 501 43 13 21 14 12 10 8 8 6 5 5 4 4 3 3 0 2 2 2
1432221474 501 43 13 21 14 12 10 8 8 6 5 5 4 4 3 3 1 2 2 2
1432227094 501 43 13 21 14 12 10 8 8 6 5 5 4 4 3 3 2 2 2 2
1432506735 502 43 13 21 14 12 10 8 8 6 5 5 4 4 3 3 2 2 2 2
1433877168 502 43 14 21 14 12 10 8 8 6 5 5 4 4 3 3 2 2 2 2
1433928112 502 43 15 21 14 12 10 8 8 6 5 5 4 4 3 3 2 2 2 2
1433931064 502 43 16 21 14 12 10 8 8 6 5 5 4 4 3 3 2 2 2 2
1433954667 502 43 17 21 14 12 10 8 8 6 5 5 4 4 3 3 2 2 2 2
1433956373 502 43 18 21 14 12 10 8 8 6 5 5 4 4 3 3 2 2 2 2
1433957783 502 43 19 21 14 12 10 8 8 6 5 5 4 4 3 3 2 2 2 2
1433958793 502 43 20 21 14 12 10 8 8 6 5 5 4 4 3 3 2 2 2 2
1433959495 502 43 21 21 14 12 10 8 8 6 5 5 4 4 3 3 2 2 2 2
1433959820 502 43 22 21 14 12 10 8 8 6 5 5 4 4 3 3 2 2 2 2
1433970233 503 43 22 21 14 12 10 8 8 6 5 5 4 4 3 3 2 2 2 2
1433971283 504 43 22 21 14 12 10 8 8 6 5 5 4 4 3 3 2 2 2 2
1433971328 505 43 22 21 14 12 10 8 8 6 5 5 4 4 3 3 2 2 2 2
1434044975 506 43 22 21 14 12 10 8 8 6 5 5 4 4 3 3 2 2 2 2
1434046755 507 43 22 21 14 12 10 8 8 6 5 5 4 4 3 3 2 2 2 2
1434058875 508 43 22 21 14 12 10 8 8 6 5 5 4 4 3 3 2 2 2 2
1434225220 508 43 23 21 14 12 10 8 8 6 5 5 4 4 3 3 2 2 2 2
1434227874 509 43 23 21 14 12 10 8 8 6 5 5 4 4 3 3 2 2 2 2
1434229035 510 43 23 21 14 12 10 8 8 6 5 5 4 4 3 3 2 2 2 2
1434229097 511 43 23 21 14 12 10 8 8 6 5 5 4 4 3 3 2 2 2 2
1434230036 511 43 24 21 14 12 10 8 8 6 5 5 4 4 3 3 2 2 2 2
1434256482 512 43 24 21 14 12 10 8 8 6 5 5 4 4 3 3 2 2 2 2
1434445743 512 43 25 21 14 12 10 8 8 6 5 5 4 4 3 3 2 2 2 2
1434446945 513 43 25 21 14 12 10 8 8 6 5 5 4 4 3 3 2 2 2 2
1435213497 513 43 26 21 14 12 10 8 8 6 5 5 4 4 3 3 2 2 2 2
1435214434 514 43 26 21 14 12 10 8 8 6 5 5 4 4 3 3 2 2 2 2
1435915810 514 43 27 21 14 12 10 8 8 6 5 5 4 4 3 3 2 2 2 2
1435926470 514 43 28 21 14 12 10 8 8 6 5 5 4 4 3 3 2 2 2 2
1441768291 514 43 28 21 14 12 10 8 8 6 5 5 4 4 3 3 2 2 2 2
1441768659 514 43 28 21 14 12 10 8 8 6 5 5 4 4 3 3 2 2 2 2
1441772268 515 43 28 21 14 12 10 8 8 6 5 5 4 4 3 3 2 2 2 2
1442275777 516 43 28 21 14 12 10 8 8 6 5 5 4 4 3 3 2 2 2 2
1442651138 517 43 28 21 14 12 10 8 8 6 5 5 4 4 3 3 2 2 2 2
1442654457 518 43 28 21 14 12 10 8 8 6 5 5 4 4 3 3 2 2 2 2
1442654580 519 43 28 21 14 12 10 8 8 6 5 5 4 4 3 3 2 2 2 2
1446243144 520 43 28 21 14 12 10 8 8 6 5 5 4 4 3 3 2 2 2 2
1446243408 521 43 28 21 14 12 10 8 8 6 5 5 4 4 3 3 2 2 2 2
1446244298 522 43 28 21 14 12 10 8 8 6 5 5 4 4 3 3 2 2 2 2
1446244358 523 43 28 21 14 12 10 8 8 6 5 5 4 4 3 3 2 2 2 2
1446245608 524 43 28 21 14 12 10 8 8 6 5 5 4 4 3 3 2 2 2 2
1446245762 525 43 28 21 14 12 10 8 8 6 5 5 4 4 3 3 2 2 2 2
1446245878 526 43 28 21 14 12 10 8 8 6 5 5 4 4 3 3 2 2 2 2
