1340029107 1973
1340031520 1996
1340071936 2019
1340071963 2023
1340072157 2023
1340072232 2024
1340072254 2396
1340078540 2401
1340078596 2451
1340108742 2457
1340108975 2471
1340119474 2398
1340119775 2401
1340119798 2405
1340119875 2421
1340119911 2424
1340119948 2702
1340120644 2723
1340121963 2717
1340122021 2749
1340122079 2765
1340122665 2781
1340130805 2793
1340130862 2798
1340130947 2869
1340140437 2876
1340241277 2904
1340281329 2905
1340292220 2941
1340294086 2956
1340294478 2955
1340375004 3572
1340493185 3576
1340493226 3572
1340493249 3588
1340493323 4077
1340493855 4111
1340494623 4120
1340503259 4121
1340503517 4143
1340503655 11715
1340546335 11727
1340546501 11768
1340557438 11813
1340557450 11820
1340558392 11816
1340558399 11840
1340558878 11846
1340564047 11846
1340564053 11853
1340575901 11866
1340576111 11866
1340576134 11866
1340576152 11867
1340576189 11869
1340576298 11870
1340576376 11870
1340576425 11870
1340577263 11885
1340577276 11885
1340577773 11885
1340578105 11892
1340579317 11892
1340580113 11892
1340580433 11896
1340581426 11918
1340581482 11918
1340581758 11918
1340581932 11922
1340584775 11927
1340584815 11929
1340584827 11932
1340584871 11932
1340585968 11933
1340593540 11933
1340655753 11935
1340661455 11938
1340752326 11940
1340752339 11940
1340752378 11935
1340752427 11935
1340752453 11934
1340752465 11934
1340752508 11952
1340804653 12065
1340804666 12065
1340819947 12065
1340820191 12066
1340884081 12104
1340927381 12119
1341063314 12120
1341063344 12122
1341196718 12131
1341196759 12131
1341196829 12160
1341196864 12162
1341196891 12162
1341197001 12164
1341197072 12402
1341199286 12405
1341201384 12403
1341201417 12398
1341201441 12387
1341439614 12986
1341440406 12986
1341441248 12992
1341517254 12992
1341519135 12992
1341519164 12993
1341530586 12990
1341530615 12999
1341530915 12999
1341617053 13063
1341617607 13065
1341684760 13062
1341684789 13090
1341684801 13091
1341688180 13092
1341697846 13098
1341775472 13076
1341775530 12898
1341778383 12898
1341778424 12901
1341778479 12902
1341778492 12935
1341778542 12936
1341779000 12957
1341779347 12960
1341794050 12960
1341794084 12961
1341794116 12963
1341794864 12965
1341951350 12965
1341951838 13024
1341954692 13034
1342120663 13037
1342120719 13038
1342120741 13042
1342120763 13069
1342122964 13125
1342123329 13139
1342128591 13158
1342128683 13194
1342128837 13194
1342128941 13194
1342129173 13204
1342130500 13195
1342131015 13195
1342131582 13195
1342456310 13208
1342456515 13210
1343754638 13688
1343754650 13694
1343764851 13691
1343764868 13702
1343764990 13673
1343765014 13673
1343765082 13671
1343765098 13671
1343765160 13688
1343765441 13688
1343768264 13692
1343768309 13718
1343769059 13721
1343997247 14092
1343998664 14097
1344000957 14096
1344252158 14096
1346117122 14252
1346117224 14253
1347433987 14253
1348685681 14908
1348686327 14910
1350630027 14910
1350636635 14910
1350888193 14947
1350888804 14954
1350889260 14954
1350995756 14987
1351003089 15383
1352275332 15383
1352275399 15383
1352275654 15386
1352337057 15387
1352430923 15387
1352473077 15387
1354217850 15507
1354222231 15413
1354222527 15414
1354222605 15414
1355110049 15421
1355770486 15925
1355770597 15938
1355770651 15938
1355770680 15939
1355771332 15939
1358872641 15943
1360108219 15943
1360160462 16015
1360162790 16015
1360162836 16011
1360163117 16013
1360602481 16013
1360607510 16013
1360791550 16028
1360791569 16029
1360791623 16028
1360791988 16013
1360842428 16031
1360844020 16032
1360887229 16034
1362251105 16046
1362251412 16046
1362252374 16046
1362254630 16048
1362255224 16046
1362255594 16048
1362255932 16273
1362256034 16275
1362342263 16275
1362582096 16276
1362583212 16277
1362589832 16277
1362589855 16277
1362589926 16278
1362607578 16299
1362607634 16300
1363194090 16300
1366710281 16300
1366842913 17264
1368603241 17267
1371538549 17267
1371538732 17268
1374442238 17250
1374443941 17281
1374444119 17281
1374444737 17283
1374448892 17283
1374449083 17592
1374449857 17592
1374450593 17593
1374450649 17594
1374450670 17594
1374450694 17594
1374452926 17594
1374452939 17594
1374453063 17594
1374453566 17594
1374458458 17594
1377600146 17853
1377604679 17864
1377612513 17864
1377904533 18189
1378042586 17834
1378043083 18197
1378043686 18198
1378043707 18197
1378043740 18197
1378043757 18197
1378044432 18197
1378044449 18197
1378048275 18165
1378052027 18164
1379427250 18197
1379427330 18198
1379780551 18198
1379780576 18204
1379780598 18204
1379780629 18205
1379780968 18208
1379849600 18532
1379850137 18549
1379881861 18469
1379882215 18471
1379883456 18472
1379883606 18472
1379884014 18472
1379885425 18472
1379886380 18464
1381834113 18516
1382508086 18528
1382509635 18521
1382510327 18529
1382511063 18529
1382511110 18529
1382511574 18529
1382687472 18521
1382941671 18521
1382942588 18521
1382943345 18522
1382943681 18522
1382943737 18522
1382944186 18522
1383312180 18518
1383312261 18514
1383312302 18497
1383312871 18497
1383313029 18497
1383313052 18497
1383315820 18532
1383315840 18521
1383317245 18521
1383317628 18516
1383915845 18551
1384194931 18543
1384194951 18516
1384197398 18854
1384207017 18862
1384367805 18862
1385537566 19019
1385538723 19021
1386941680 19021
1391084706 19021
1391163961 19021
1391246571 19021
1391246595 19021
1393786523 19000
1395579033 19000
1399663650 18986
1401210973 18986
1401212055 18986
1401212368 18986
1401212418 18986
1401212674 18986
1401213620 18992
1401213873 18992
1401214000 18991
1401214407 18992
1401215162 18992
1401215318 18985
1401215650 18985
1401215668 18985
1401216173 18985
1402430807 18982
1402431092 18984
1402431570 18984
1402436586 18975
1402436751 18974
1402437617 18975
1403984525 19118
1403986451 18975
1403986505 18975
1404060867 19112
1404063855 19112
1404064836 19107
1404065329 19107
1404065690 19643
1404069818 19643
1404069828 19643
1404071205 19643
1404071253 19655
1404071280 19660
1404071294 19660
1404072101 19662
1404079379 19672
1404129450 19673
1404159852 19673
1404159954 19672
1404165018 19674
1404519489 19674
1404519499 19674
1404519505 19678
1404938511 19993
1404938796 19993
1404938880 19994
1406207197 19996
1406541456 19995
1406588016 19999
1406588210 19999
1406588249 19999
1406588268 20002
1406592780 20007
1406592790 20009
1406639852 20230
1406709703 20230
1406725524 20238
1406796162 20238
1413830758 20247
1413831011 20247
1414281787 20272
1414428197 20247
1414428230 20245
1414448680 20358
1414454000 20384
1414529776 20245
1414530819 20245
1414540431 20384
1414540564 20413
1414540613 20441
1414540668 20441
1414542049 20431
1414542070 20431
1414542753 20436
1414542817 20436
1414544162 20440
1414544800 20440
1414545888 20440
1414766998 20481
1414767255 20477
1414767293 20473
1414767309 20472
1414768602 20471
1414768672 20470
1414768681 20470
1414768693 20468
1414768722 20460
1414768807 20460
1414769745 20471
1414773000 20471
1414773715 20471
1414774870 20471
1414776700 20471
1414776811 20481
1414784054 20489
1414786260 20495
1414786907 20494
1414935806 20496
1414937856 20509
1414938283 20520
1414940297 20520
1414940755 20525
1414942562 20517
1414942577 20517
1414945061 20517
1414945164 20517
1414951242 20521
1414952876 20521
1414963286 20535
1415206868 20535
1415215148 20536
1415215648 13084
1415221975 13064
1415222730 13067
1415281512 13071
1415319379 13071
1415319574 13105
1415319901 13107
1415319985 13107
1415320154 13107
1417027682 13110
1421516306 13110
1423668007 13110
1423740939 13129
1423740973 13129
1423741012 13129
1426083963 13129
1432506735 13290
1434227874 13347
1434229035 13349
1434229097 13349
1434256482 13363
1434446945 13405
1435214434 13405
1435926470 13432
1441772268 13437
1442275777 13437
1442651138 13445
1442654457 13446
1442654580 13445
1446243144 13444
1446243408 13444
1446244298 13444
1446244358 13444
1446245608 13444
1446245762 13444
1446245878 13444
