1340029107 1973 0 0 0 0 0 0 0 0 0 0 0 0 0 0 0 0 0 0 0
1340031520 1996 0 0 0 0 0 0 0 0 0 0 0 0 0 0 0 0 0 0 0
1340071936 2020 0 0 0 0 0 0 0 0 0 0 0 0 0 0 0 0 0 0 0
1340071963 2024 0 0 0 0 0 0 0 0 0 0 0 0 0 0 0 0 0 0 0
1340072157 2026 0 0 0 0 0 0 0 0 0 0 0 0 0 0 0 0 0 0 0
1340072232 2030 0 0 0 0 0 0 0 0 0 0 0 0 0 0 0 0 0 0 0
1340072254 2538 0 0 0 0 0 0 0 0 0 0 0 0 0 0 0 0 0 0 0
1340078540 2545 0 0 0 0 0 0 0 0 0 0 0 0 0 0 0 0 0 0 0
1340078596 2658 0 0 0 0 0 0 0 0 0 0 0 0 0 0 0 0 0 0 0
1340108742 2672 0 0 0 0 0 0 0 0 0 0 0 0 0 0 0 0 0 0 0
1340108975 2698 0 0 0 0 0 0 0 0 0 0 0 0 0 0 0 0 0 0 0
1340119474 2698 0 0 0 0 0 0 0 0 0 0 0 0 0 0 0 0 0 0 0
1340119775 2820 0 0 0 0 0 0 0 0 0 0 0 0 0 0 0 0 0 0 0
1340119798 2827 0 0 0 0 0 0 0 0 0 0 0 0 0 0 0 0 0 0 0
1340119875 2916 0 0 0 0 0 0 0 0 0 0 0 0 0 0 0 0 0 0 0
1340119911 2921 0 0 0 0 0 0 0 0 0 0 0 0 0 0 0 0 0 0 0
1340119948 3211 0 0 0 0 0 0 0 0 0 0 0 0 0 0 0 0 0 0 0
1340120644 3234 0 0 0 0 0 0 0 0 0 0 0 0 0 0 0 0 0 0 0
1340121963 3234 0 0 0 0 0 0 0 0 0 0 0 0 0 0 0 0 0 0 0
1340122021 3266 0 0 0 0 0 0 0 0 0 0 0 0 0 0 0 0 0 0 0
1340122079 3282 0 0 0 0 0 0 0 0 0 0 0 0 0 0 0 0 0 0 0
1340122665 3298 0 0 0 0 0 0 0 0 0 0 0 0 0 0 0 0 0 0 0
1340130805 3310 0 0 0 0 0 0 0 0 0 0 0 0 0 0 0 0 0 0 0
1340130862 3317 0 0 0 0 0 0 0 0 0 0 0 0 0 0 0 0 0 0 0
1340130947 3426 0 0 0 0 0 0 0 0 0 0 0 0 0 0 0 0 0 0 0
1340140437 3583 0 0 0 0 0 0 0 0 0 0 0 0 0 0 0 0 0 0 0
1340241277 3655 0 0 0 0 0 0 0 0 0 0 0 0 0 0 0 0 0 0 0
1340281329 3658 0 0 0 0 0 0 0 0 0 0 0 0 0 0 0 0 0 0 0
1340292220 3830 0 0 0 0 0 0 0 0 0 0 0 0 0 0 0 0 0 0 0
1340294086 3913 0 0 0 0 0 0 0 0 0 0 0 0 0 0 0 0 0 0 0
1340294478 3956 0 0 0 0 0 0 0 0 0 0 0 0 0 0 0 0 0 0 0
1340375004 4617 0 0 0 0 0 0 0 0 0 0 0 0 0 0 0 0 0 0 0
1340493185 4626 0 0 0 0 0 0 0 0 0 0 0 0 0 0 0 0 0 0 0
1340493226 4627 0 0 0 0 0 0 0 0 0 0 0 0 0 0 0 0 0 0 0
1340493249 4651 0 0 0 0 0 0 0 0 0 0 0 0 0 0 0 0 0 0 0
1340493323 5174 0 0 0 0 0 0 0 0 0 0 0 0 0 0 0 0 0 0 0
1340493855 5212 0 0 0 0 0 0 0 0 0 0 0 0 0 0 0 0 0 0 0
1340494623 5221 0 0 0 0 0 0 0 0 0 0 0 0 0 0 0 0 0 0 0
1340503259 5224 0 0 0 0 0 0 0 0 0 0 0 0 0 0 0 0 0 0 0
1340503517 5248 0 0 0 0 0 0 0 0 0 0 0 0 0 0 0 0 0 0 0
1340503655 12862 0 0 0 0 0 0 0 0 0 0 0 0 0 0 0 0 0 0 0
1340546335 12876 0 0 0 0 0 0 0 0 0 0 0 0 0 0 0 0 0 0 0
1340546501 12981 0 0 0 0 0 0 0 0 0 0 0 0 0 0 0 0 0 0 0
1340554151 12994 0 0 0 0 0 0 0 0 0 0 0 0 0 0 0 0 0 0 0
1340555587 12996 0 0 0 0 0 0 0 0 0 0 0 0 0 0 0 0 0 0 0
1340555956 13000 0 0 0 0 0 0 0 0 0 0 0 0 0 0 0 0 0 0 0
1340557438 13000 0 0 94 0 0 0 0 0 0 0 0 0 0 0 0 0 0 0 0
1340557450 13000 0 0 94 0 0 0 0 0 0 0 0 0 0 0 0 0 0 0 0
1340557627 13026 0 0 94 0 0 0 0 0 0 0 0 0 0 0 0 0 0 0 0
1340557643 13026 0 0 94 0 0 0 0 0 0 0 0 0 0 0 0 0 0 0 0
1340558344 13061 0 0 94 0 0 0 0 0 0 0 0 0 0 0 0 0 0 0 0
1340558392 13061 0 0 94 0 0 0 0 0 0 0 0 0 0 0 0 0 0 0 0
1340558399 13061 0 0 94 0 0 0 0 0 0 0 0 0 0 0 0 0 0 0 0
1340558629 13063 0 0 94 0 0 0 0 0 0 0 0 0 0 0 0 0 0 0 0
1340558878 13063 0 0 102 0 0 0 0 0 0 0 0 0 0 0 0 0 0 0 0
1340558971 13063 0 0 102 0 0 0 0 0 0 0 0 0 0 0 0 0 0 0 0
1340560716 13072 0 0 102 0 0 0 0 0 0 0 0 0 0 0 0 0 0 0 0
1340560729 13073 0 0 102 0 0 0 0 0 0 0 0 0 0 0 0 0 0 0 0
1340560753 13073 0 0 102 0 0 0 0 0 0 0 0 0 0 0 0 0 0 0 0
1340564047 13073 0 0 106 0 0 0 0 0 0 0 0 0 0 0 0 0 0 0 0
1340564053 13073 0 0 106 0 0 0 0 0 0 0 0 0 0 0 0 0 0 0 0
1340575901 13097 0 0 106 0 0 0 0 0 0 0 0 0 0 0 0 0 0 0 0
1340576111 13099 0 0 106 0 0 0 0 0 0 0 0 0 0 0 0 0 0 0 0
1340576134 13100 0 0 106 0 0 0 0 0 0 0 0 0 0 0 0 0 0 0 0
1340576152 13101 0 0 106 0 0 0 0 0 0 0 0 0 0 0 0 0 0 0 0
1340576189 13103 0 0 106 0 0 0 0 0 0 0 0 0 0 0 0 0 0 0 0
1340576298 13106 0 0 106 0 0 0 0 0 0 0 0 0 0 0 0 0 0 0 0
1340576376 13107 0 0 106 0 0 0 0 0 0 0 0 0 0 0 0 0 0 0 0
1340576425 13108 0 0 106 0 0 0 0 0 0 0 0 0 0 0 0 0 0 0 0
1340577263 13124 0 0 106 0 0 0 0 0 0 0 0 0 0 0 0 0 0 0 0
1340577276 13125 0 0 106 0 0 0 0 0 0 0 0 0 0 0 0 0 0 0 0
1340577773 13127 0 0 106 0 0 0 0 0 0 0 0 0 0 0 0 0 0 0 0
1340578105 13134 0 0 106 0 0 0 0 0 0 0 0 0 0 0 0 0 0 0 0
1340579317 13135 0 0 106 0 0 0 0 0 0 0 0 0 0 0 0 0 0 0 0
1340580113 13136 0 0 106 0 0 0 0 0 0 0 0 0 0 0 0 0 0 0 0
1340580433 13140 0 0 106 0 0 0 0 0 0 0 0 0 0 0 0 0 0 0 0
1340581426 13163 0 0 106 0 0 0 0 0 0 0 0 0 0 0 0 0 0 0 0
1340581482 13164 0 0 106 0 0 0 0 0 0 0 0 0 0 0 0 0 0 0 0
1340581758 13165 0 0 106 0 0 0 0 0 0 0 0 0 0 0 0 0 0 0 0
1340581932 13170 0 0 106 0 0 0 0 0 0 0 0 0 0 0 0 0 0 0 0
1340584775 13176 0 0 106 0 0 0 0 0 0 0 0 0 0 0 0 0 0 0 0
1340584815 13179 0 0 106 0 0 0 0 0 0 0 0 0 0 0 0 0 0 0 0
1340584827 13182 0 0 106 0 0 0 0 0 0 0 0 0 0 0 0 0 0 0 0
1340584871 13183 0 0 106 0 0 0 0 0 0 0 0 0 0 0 0 0 0 0 0
1340585968 13186 0 0 106 0 0 0 0 0 0 0 0 0 0 0 0 0 0 0 0
1340593540 13189 0 0 106 0 0 0 0 0 0 0 0 0 0 0 0 0 0 0 0
1340655753 13193 0 0 106 0 0 0 0 0 0 0 0 0 0 0 0 0 0 0 0
1340661455 13196 0 0 106 0 0 0 0 0 0 0 0 0 0 0 0 0 0 0 0
1340752326 13199 0 0 106 0 0 0 0 0 0 0 0 0 0 0 0 0 0 0 0
1340752339 13200 0 0 106 0 0 0 0 0 0 0 0 0 0 0 0 0 0 0 0
1340752378 13205 0 0 106 0 0 0 0 0 0 0 0 0 0 0 0 0 0 0 0
1340752427 13207 0 0 106 0 0 0 0 0 0 0 0 0 0 0 0 0 0 0 0
1340752453 13208 0 0 106 0 0 0 0 0 0 0 0 0 0 0 0 0 0 0 0
1340752465 13209 0 0 106 0 0 0 0 0 0 0 0 0 0 0 0 0 0 0 0
1340752508 13244 0 0 106 0 0 0 0 0 0 0 0 0 0 0 0 0 0 0 0
1340775003 13244 0 0 106 0 0 0 0 0 0 0 0 0 0 0 0 0 0 0 0
1340775038 13244 0 0 106 0 0 0 0 0 0 0 0 0 0 0 0 0 0 0 0
1340794010 13244 0 0 106 0 0 0 0 0 0 0 0 0 0 0 0 0 0 0 0
1340804653 13444 0 0 106 0 0 0 0 0 0 0 0 0 0 0 0 0 0 0 0
1340804666 13444 0 0 106 0 0 0 0 0 0 0 0 0 0 0 0 0 0 0 0
1340819947 13445 0 0 106 0 0 0 0 0 0 0 0 0 0 0 0 0 0 0 0
1340820191 13449 0 0 106 0 0 0 0 0 0 0 0 0 0 0 0 0 0 0 0
1340884081 13506 0 0 106 0 0 0 0 0 0 0 0 0 0 0 0 0 0 0 0
1340927381 13571 0 0 106 0 0 0 0 0 0 0 0 0 0 0 0 0 0 0 0
1341063314 13573 0 0 106 0 0 0 0 0 0 0 0 0 0 0 0 0 0 0 0
1341063344 13577 0 0 106 0 0 0 0 0 0 0 0 0 0 0 0 0 0 0 0
1341196718 13599 0 0 106 0 0 0 0 0 0 0 0 0 0 0 0 0 0 0 0
1341196759 13600 0 0 106 0 0 0 0 0 0 0 0 0 0 0 0 0 0 0 0
1341196829 13650 0 0 106 0 0 0 0 0 0 0 0 0 0 0 0 0 0 0 0
1341196864 13652 0 0 106 0 0 0 0 0 0 0 0 0 0 0 0 0 0 0 0
1341196891 13653 0 0 106 0 0 0 0 0 0 0 0 0 0 0 0 0 0 0 0
1341197001 13659 0 0 106 0 0 0 0 0 0 0 0 0 0 0 0 0 0 0 0
1341197072 13899 0 0 106 0 0 0 0 0 0 0 0 0 0 0 0 0 0 0 0
1341199286 13902 0 0 106 0 0 0 0 0 0 0 0 0 0 0 0 0 0 0 0
1341201384 13902 0 0 106 0 0 0 0 0 0 0 0 0 0 0 0 0 0 0 0
1341201417 13902 0 0 106 0 0 0 0 0 0 0 0 0 0 0 0 0 0 0 0
1341201441 13906 0 0 106 0 0 0 0 0 0 0 0 0 0 0 0 0 0 0 0
1341439614 14705 0 0 106 0 0 0 0 0 0 0 0 0 0 0 0 0 0 0 0
1341440406 14707 0 0 106 0 0 0 0 0 0 0 0 0 0 0 0 0 0 0 0
1341441248 14719 0 0 106 0 0 0 0 0 0 0 0 0 0 0 0 0 0 0 0
1341517254 14721 0 0 106 0 0 0 0 0 0 0 0 0 0 0 0 0 0 0 0
1341519135 14723 0 0 106 0 0 0 0 0 0 0 0 0 0 0 0 0 0 0 0
1341519164 14728 0 0 106 0 0 0 0 0 0 0 0 0 0 0 0 0 0 0 0
1341530586 14728 0 0 106 0 0 0 0 0 0 0 0 0 0 0 0 0 0 0 0
1341530615 14742 0 0 106 0 0 0 0 0 0 0 0 0 0 0 0 0 0 0 0
1341530915 14743 0 0 106 0 0 0 0 0 0 0 0 0 0 0 0 0 0 0 0
1341617053 14827 0 0 106 0 0 0 0 0 0 0 0 0 0 0 0 0 0 0 0
1341617607 14829 0 0 106 0 0 0 0 0 0 0 0 0 0 0 0 0 0 0 0
1341655650 14830 0 0 106 0 0 0 0 0 0 0 0 0 0 0 0 0 0 0 0
1341684760 14843 0 0 106 0 0 0 0 0 0 0 0 0 0 0 0 0 0 0 0
1341684789 14899 0 0 106 0 0 0 0 0 0 0 0 0 0 0 0 0 0 0 0
1341684801 14899 0 0 106 0 0 0 0 0 0 0 0 0 0 0 0 0 0 0 0
1341688180 14903 0 0 106 0 0 0 0 0 0 0 0 0 0 0 0 0 0 0 0
1341697846 14910 0 0 106 0 0 0 0 0 0 0 0 0 0 0 0 0 0 0 0
1341775472 14910 0 0 106 0 0 0 0 0 0 0 0 0 0 0 0 0 0 0 0
1341775530 14945 0 0 106 0 0 0 0 0 0 0 0 0 0 0 0 0 0 0 0
1341777616 14945 0 0 173 0 0 0 0 0 0 0 0 0 0 0 0 0 0 0 0
1341778383 14947 0 0 173 0 0 0 0 0 0 0 0 0 0 0 0 0 0 0 0
1341778424 14980 0 0 173 0 0 0 0 0 0 0 0 0 0 0 0 0 0 0 0
1341778479 14989 0 0 173 0 0 0 0 0 0 0 0 0 0 0 0 0 0 0 0
1341778492 14989 0 0 173 0 0 0 0 0 0 0 0 0 0 0 0 0 0 0 0
1341778542 14990 0 0 173 0 0 0 0 0 0 0 0 0 0 0 0 0 0 0 0
1341779000 15013 0 0 173 0 0 0 0 0 0 0 0 0 0 0 0 0 0 0 0
1341779347 15016 0 0 173 0 0 0 0 0 0 0 0 0 0 0 0 0 0 0 0
1341794050 15019 0 0 173 0 0 0 0 0 0 0 0 0 0 0 0 0 0 0 0
1341794084 15022 0 0 173 0 0 0 0 0 0 0 0 0 0 0 0 0 0 0 0
1341794116 15026 0 0 173 0 0 0 0 0 0 0 0 0 0 0 0 0 0 0 0
1341794864 15028 0 0 173 0 0 0 0 0 0 0 0 0 0 0 0 0 0 0 0
1341951350 15029 0 0 173 0 0 0 0 0 0 0 0 0 0 0 0 0 0 0 0
1341951838 15089 0 0 173 0 0 0 0 0 0 0 0 0 0 0 0 0 0 0 0
1341954692 15106 0 0 173 0 0 0 0 0 0 0 0 0 0 0 0 0 0 0 0
1342115585 15106 0 0 241 0 0 0 0 0 0 0 0 0 0 0 0 0 0 0 0
1342116310 15106 0 0 249 0 0 0 0 0 0 0 0 0 0 0 0 0 0 0 0
1342118293 15106 0 0 258 0 0 0 0 0 0 0 0 0 0 0 0 0 0 0 0
1342118766 15106 0 0 265 0 0 0 0 0 0 0 0 0 0 0 0 0 0 0 0
1342118996 15106 0 0 268 0 0 0 0 0 0 0 0 0 0 0 0 0 0 0 0
1342120325 15106 0 0 288 0 0 0 0 0 0 0 0 0 0 0 0 0 0 0 0
1342120583 15106 0 0 301 0 0 0 0 0 0 0 0 0 0 0 0 0 0 0 0
1342120663 15114 0 0 301 0 0 0 0 0 0 0 0 0 0 0 0 0 0 0 0
1342120719 15121 0 0 301 0 0 0 0 0 0 0 0 0 0 0 0 0 0 0 0
1342120741 15127 0 0 301 0 0 0 0 0 0 0 0 0 0 0 0 0 0 0 0
1342120763 15127 0 0 301 0 0 0 0 0 0 0 0 0 0 0 0 0 0 0 0
1342120917 15127 0 0 312 0 0 0 0 0 0 0 0 0 0 0 0 0 0 0 0
1342121132 15127 0 0 330 0 0 0 0 0 0 0 0 0 0 0 0 0 0 0 0
1342121363 15127 0 0 341 0 0 0 0 0 0 0 0 0 0 0 0 0 0 0 0
1342121565 15127 0 0 352 0 0 0 0 0 0 0 0 0 0 0 0 0 0 0 0
1342122145 15127 0 0 383 0 0 0 0 0 0 0 0 0 0 0 0 0 0 0 0
1342122964 15127 0 0 383 0 0 0 0 0 0 0 0 0 0 0 0 0 0 0 0
1342123329 15145 0 0 383 0 0 0 0 0 0 0 0 0 0 0 0 0 0 0 0
1342128037 15145 0 0 423 0 0 0 0 0 0 0 0 0 0 0 0 0 0 0 0
1342128591 15174 0 0 423 0 0 0 0 0 0 0 0 0 0 0 0 0 0 0 0
1342128683 15274 0 0 423 0 0 0 0 0 0 0 0 0 0 0 0 0 0 0 0
1342128837 15274 0 0 423 0 0 0 0 0 0 0 0 0 0 0 0 0 0 0 0
1342128941 15275 0 0 423 0 0 0 0 0 0 0 0 0 0 0 0 0 0 0 0
1342129173 15294 0 0 423 0 0 0 0 0 0 0 0 0 0 0 0 0 0 0 0
1342130500 15298 0 0 423 0 0 0 0 0 0 0 0 0 0 0 0 0 0 0 0
1342131015 15299 0 0 423 0 0 0 0 0 0 0 0 0 0 0 0 0 0 0 0
1342131582 15301 0 0 423 0 0 0 0 0 0 0 0 0 0 0 0 0 0 0 0
1342456310 15332 0 0 423 0 0 0 0 0 0 0 0 0 0 0 0 0 0 0 0
1342456515 15336 0 0 423 0 0 0 0 0 0 0 0 0 0 0 0 0 0 0 0
1342735835 15342 0 0 423 0 0 0 0 0 0 0 0 0 0 0 0 0 0 0 0
1342736406 15347 0 0 423 0 0 0 0 0 0 0 0 0 0 0 0 0 0 0 0
1342795983 15347 0 0 423 0 0 0 0 0 0 0 0 0 0 0 0 0 0 0 0
1342796989 15347 0 0 423 0 0 0 0 0 0 0 0 0 0 0 0 0 0 0 0
1343754638 15826 0 0 423 0 0 0 0 0 0 0 0 0 0 0 0 0 0 0 0
1343754650 15826 0 0 423 0 0 0 0 0 0 0 0 0 0 0 0 0 0 0 0
1343764851 15831 0 0 423 0 0 0 0 0 0 0 0 0 0 0 0 0 0 0 0
1343764868 15848 0 0 423 0 0 0 0 0 0 0 0 0 0 0 0 0 0 0 0
1343764990 15899 0 0 423 0 0 0 0 0 0 0 0 0 0 0 0 0 0 0 0
1343765014 15900 0 0 423 0 0 0 0 0 0 0 0 0 0 0 0 0 0 0 0
1343765082 15908 0 0 423 0 0 0 0 0 0 0 0 0 0 0 0 0 0 0 0
1343765098 15909 0 0 423 0 0 0 0 0 0 0 0 0 0 0 0 0 0 0 0
1343765160 15978 0 0 423 0 0 0 0 0 0 0 0 0 0 0 0 0 0 0 0
1343765441 15979 0 0 423 0 0 0 0 0 0 0 0 0 0 0 0 0 0 0 0
1343768264 15993 0 0 423 0 0 0 0 0 0 0 0 0 0 0 0 0 0 0 0
1343768309 16067 0 0 423 0 0 0 0 0 0 0 0 0 0 0 0 0 0 0 0
1343769059 16072 0 0 423 0 0 0 0 0 0 0 0 0 0 0 0 0 0 0 0
1343834502 16072 0 0 423 0 0 0 0 0 0 2 0 0 0 0 0 0 0 0 0
1343995586 16072 0 0 423 0 0 0 0 0 0 408 0 0 0 0 0 0 0 0 0
1343996174 16072 0 0 423 0 0 0 0 0 0 514 0 0 0 0 0 0 0 0 0
1343996367 16072 0 0 423 0 0 0 0 0 0 520 0 0 0 0 0 0 0 0 0
1343997247 16072 0 0 423 0 0 0 0 0 0 520 0 0 0 0 0 0 0 0 0
1343998664 16089 0 0 423 0 0 0 0 0 0 520 0 0 0 0 0 0 0 0 0
1344000101 16089 0 0 423 0 0 0 0 0 0 524 0 0 0 0 0 0 0 0 0
1344000957 16089 0 0 423 0 0 0 0 0 0 524 0 0 0 0 0 0 0 0 0
1344252158 16090 0 0 423 0 0 0 0 0 0 524 0 0 0 0 0 0 0 0 0
1346112093 16090 0 0 423 0 0 0 0 0 0 524 0 0 0 156 0 0 0 0 0
1346115791 16090 0 0 423 0 0 0 0 0 0 524 0 0 0 161 0 0 0 0 0
1346115842 16090 0 0 423 0 0 0 0 0 0 524 0 0 0 163 0 0 0 0 0
1346117122 16090 0 0 423 0 0 0 0 0 0 524 0 0 0 163 0 0 0 0 0
1346117224 16091 0 0 423 0 0 0 0 0 0 524 0 0 0 163 0 0 0 0 0
1347433987 16092 0 0 423 0 0 0 0 0 0 524 0 0 0 163 0 0 0 0 0
1347858035 16114 0 0 423 0 0 0 0 0 0 524 0 0 0 163 0 0 0 0 0
1348685681 16769 0 0 423 0 0 0 0 0 0 524 0 0 0 163 0 0 0 0 0
1348686327 16773 0 0 423 0 0 0 0 0 0 524 0 0 0 163 0 0 0 0 0
1350630027 16774 0 0 423 0 0 0 0 0 0 524 0 0 0 163 0 0 0 0 0
1350636635 16776 0 0 423 0 0 0 0 0 0 524 0 0 0 163 0 0 0 0 0
1350888193 16814 0 0 423 0 0 0 0 0 0 524 0 0 0 163 0 0 0 0 0
1350888804 16822 0 0 423 0 0 0 0 0 0 524 0 0 0 163 0 0 0 0 0
1350889260 16824 0 0 423 0 0 0 0 0 0 524 0 0 0 163 0 0 0 0 0
1350936058 16824 0 0 423 0 0 0 0 53 0 524 0 0 0 163 0 0 0 0 0
1350961461 16824 0 0 423 0 0 0 0 82 0 524 0 0 0 163 0 0 0 0 0
1350961709 16824 0 0 423 0 0 0 0 90 0 524 0 0 0 163 0 0 0 0 0
1350961812 16824 0 0 423 0 0 0 0 90 0 524 0 0 0 163 0 0 0 0 0
1350966669 16824 0 0 423 0 0 0 0 91 0 524 0 0 0 163 0 0 0 0 0
1350995756 16824 0 0 423 0 0 0 0 91 0 524 0 0 0 163 0 0 0 0 0
1351003089 17220 0 0 423 0 0 0 0 91 0 524 0 0 0 163 0 0 0 0 0
1352275332 17221 0 0 423 0 0 0 0 91 0 524 0 0 0 163 0 0 0 0 0
1352275399 17224 0 0 423 0 0 0 0 91 0 524 0 0 0 163 0 0 0 0 0
1352275654 17229 0 0 423 0 0 0 0 91 0 524 0 0 0 163 0 0 0 0 0
1352337057 17230 0 0 423 0 0 0 0 91 0 524 0 0 0 163 0 0 0 0 0
1352428778 17230 0 0 423 0 0 0 0 91 0 524 0 0 0 163 0 0 0 0 0
1352430923 17230 0 0 423 0 0 0 0 91 0 524 0 0 0 163 0 0 0 0 0
1352473077 17231 0 0 423 0 0 0 0 91 0 524 0 0 0 163 0 0 0 0 0
1353846578 17231 0 0 423 0 0 0 0 91 0 524 0 0 0 163 0 0 0 45 0
1353846791 17231 0 0 423 0 0 0 0 91 0 524 0 0 0 163 0 0 0 49 0
1353850233 17231 0 0 423 0 0 0 0 91 0 524 0 0 0 163 0 0 0 49 0
1354217850 17231 0 0 423 0 0 0 0 91 0 524 0 0 0 163 0 0 0 49 0
1354222231 17338 0 0 423 0 0 0 0 91 0 524 0 0 0 163 0 0 0 49 0
1354222527 17340 0 0 423 0 0 0 0 91 0 524 0 0 0 163 0 0 0 49 0
1354222605 17342 0 0 423 0 0 0 0 91 0 524 0 0 0 163 0 0 0 49 0
1355095213 17342 0 0 423 0 0 0 0 91 0 524 0 0 0 163 0 0 0 49 0
1355110049 17342 0 0 423 0 0 0 0 91 0 524 0 0 0 163 0 0 0 49 0
1355770486 17850 0 0 423 0 0 0 0 91 0 524 0 0 0 163 0 0 0 49 0
1355770597 17881 0 0 423 0 0 0 0 91 0 524 0 0 0 163 0 0 0 49 0
1355770651 17882 0 0 423 0 0 0 0 91 0 524 0 0 0 163 0 0 0 49 0
1355770680 17889 0 0 423 0 0 0 0 91 0 524 0 0 0 163 0 0 0 49 0
1355771332 17890 0 0 423 0 0 0 0 91 0 524 0 0 0 163 0 0 0 49 0
1358620578 17890 0 0 423 0 0 0 0 91 0 524 0 0 0 163 0 0 0 49 0
1358620783 17890 0 0 423 0 0 0 0 91 0 524 0 0 0 163 0 0 0 49 0
1358871723 17931 0 0 423 0 0 0 0 91 0 524 0 0 0 163 0 0 0 49 0
1358871755 17931 0 0 423 0 0 0 0 91 0 524 0 0 0 163 0 0 0 49 0
1358871782 17993 0 0 423 0 0 0 0 91 0 524 0 0 0 163 0 0 0 49 0
1358872641 17998 0 0 423 0 0 0 0 91 0 524 0 0 0 163 0 0 0 49 0
1359090451 17998 0 0 423 0 0 0 0 91 0 524 0 0 0 163 0 0 0 49 0
1359091348 17998 0 0 423 0 0 0 0 111 0 524 0 0 0 163 0 0 0 49 0
1359093510 17998 0 0 423 0 0 0 0 125 0 524 0 0 0 163 0 0 0 49 0
1360103470 17998 0 0 423 0 0 0 0 125 0 524 0 0 0 163 0 0 0 49 0
1360107518 18008 0 0 423 0 0 0 0 125 0 524 0 0 0 163 0 0 0 49 0
1360108219 18010 0 0 423 0 0 0 0 125 0 524 0 0 0 163 0 0 0 49 0
1360160462 18010 0 0 423 0 0 0 0 125 0 524 0 0 0 163 0 0 0 49 0
1360162790 18012 0 0 423 0 0 0 0 125 0 524 0 0 0 163 0 0 0 49 0
1360162836 18017 0 0 423 0 0 0 0 125 0 524 0 0 0 163 0 0 0 49 0
1360163117 18024 0 0 423 0 0 0 0 125 0 524 0 0 0 163 0 0 0 49 0
1360602273 18024 0 0 423 0 0 0 0 125 0 524 0 0 0 163 0 0 0 49 0
1360602481 18024 0 0 423 0 0 0 0 125 0 524 0 0 0 163 0 0 0 49 0
1360607224 18024 0 0 423 0 1 0 0 125 0 524 0 0 0 163 0 0 0 49 0
1360607510 18024 0 0 423 0 1 0 0 125 0 524 0 0 0 163 0 0 0 49 0
1360791988 18044 0 0 423 0 1 0 0 125 0 524 0 0 0 163 0 0 0 49 0
1360842428 18049 0 0 423 0 1 0 0 125 0 524 0 0 0 163 0 0 0 49 0
1360844020 18050 0 0 423 0 1 0 0 125 0 524 0 0 0 163 0 0 0 49 0
1360880872 18050 0 0 423 0 4 0 0 125 0 524 0 0 0 163 0 0 0 49 0
1360887229 18050 0 0 423 0 4 0 0 125 0 524 0 0 0 163 0 0 0 49 0
1362088339 18050 0 0 423 0 4 0 0 125 0 524 0 0 0 163 0 0 0 49 0
1362090596 18050 0 0 423 0 5 0 0 125 0 524 0 0 0 163 0 0 0 49 0
1362091159 18050 0 0 423 0 7 0 0 125 0 524 0 0 0 163 0 0 0 49 0
1362091260 18050 0 0 423 0 9 0 0 125 0 524 0 0 0 163 0 0 0 49 0
1362236455 18050 0 0 423 0 23 0 0 125 0 524 0 0 0 163 0 0 0 49 0
1362236626 18050 0 0 423 0 25 0 0 125 0 524 0 0 0 163 0 0 0 49 0
1362236665 18050 0 0 423 0 27 0 0 125 0 524 0 0 0 163 0 0 0 49 0
1362236803 18050 0 0 423 0 31 0 0 125 0 524 0 0 0 163 0 0 0 49 0
1362236916 18050 0 0 423 0 38 0 0 125 0 524 0 0 0 163 0 0 0 49 0
1362236987 18050 0 0 423 0 40 0 0 125 0 524 0 0 0 163 0 0 0 49 0
1362251105 18062 0 0 423 0 40 0 0 125 0 524 0 0 0 163 0 0 0 49 0
1362251412 18063 0 0 423 0 40 0 0 125 0 524 0 0 0 163 0 0 0 49 0
1362252374 18064 0 0 423 0 40 0 0 125 0 524 0 0 0 163 0 0 0 49 0
1362254630 18067 0 0 423 0 40 0 0 125 0 524 0 0 0 163 0 0 0 49 0
1362255224 18068 0 0 423 0 40 0 0 125 0 524 0 0 0 163 0 0 0 49 0
1362255594 18071 0 0 423 0 40 0 0 125 0 524 0 0 0 163 0 0 0 49 0
1362255932 18071 0 0 423 0 40 0 0 125 0 524 0 0 0 163 0 0 0 49 0
1362256034 18074 0 0 423 0 40 0 0 125 0 524 0 0 0 163 0 0 0 49 0
1362342263 18076 0 0 423 0 40 0 0 125 0 524 0 0 0 163 0 0 0 49 0
1362581221 18076 0 0 423 0 40 2 0 125 0 524 0 0 0 163 0 0 0 49 0
1362582096 18076 0 0 423 0 40 2 0 125 0 524 0 0 0 163 0 0 0 49 0
1362583212 18077 0 0 423 0 40 2 0 125 0 524 0 0 0 163 0 0 0 49 0
1362584835 18077 0 0 423 0 40 3 0 125 0 524 0 0 0 163 0 0 0 49 0
1362585438 18077 0 0 423 0 40 28 0 125 0 524 0 0 0 163 0 0 0 49 0
1362586009 18077 0 0 423 0 40 29 0 125 0 524 0 0 0 163 0 0 0 49 0
1362589832 18077 0 0 423 0 40 29 0 125 0 524 0 0 0 163 0 0 0 49 0
1362589855 18077 0 0 423 0 40 29 0 125 0 524 0 0 0 163 0 0 0 49 0
1362589926 18080 0 0 423 0 40 29 0 125 0 524 0 0 0 163 0 0 0 49 0
1362607578 18080 0 0 423 0 40 29 0 125 0 524 0 0 0 163 0 0 0 49 0
1362607634 18081 0 0 423 0 40 29 0 125 0 524 0 0 0 163 0 0 0 49 0
1363165457 18081 0 0 423 0 40 30 0 125 0 524 0 0 0 163 0 0 0 49 0
1363194090 18081 0 0 423 0 40 30 0 125 0 524 0 0 0 163 0 0 0 49 0
1366077141 18081 0 0 423 0 40 30 0 125 0 524 0 964 0 163 0 0 0 49 0
1366240741 18081 0 0 423 0 40 30 0 125 0 524 0 965 0 163 0 0 0 49 0
1366326809 18081 0 0 423 0 41 30 0 125 0 524 0 965 0 163 0 0 0 49 0
1366710281 18081 0 0 423 0 41 30 0 125 0 524 0 965 0 163 0 0 0 49 0
1366842913 18081 0 0 423 0 41 30 0 125 0 524 0 965 0 163 0 0 0 49 0
1367215817 18081 0 0 423 0 41 30 0 125 0 524 0 965 0 163 0 0 0 49 0
1367221758 18081 0 0 423 0 41 30 0 125 0 524 0 965 0 163 0 0 0 49 0
1368603241 18081 0 0 423 0 41 30 0 125 0 524 0 965 0 163 0 0 0 49 0
1371522063 18081 0 0 423 0 41 30 0 125 0 524 0 965 0 163 0 0 0 49 0
1371538549 18081 0 0 423 0 41 30 0 125 0 524 0 965 0 163 0 0 0 49 0
1371538732 18082 0 0 423 0 41 30 0 125 0 524 0 965 0 163 0 0 0 49 0
1374442238 18085 0 0 423 0 41 30 0 125 0 524 0 965 0 163 0 0 0 49 0
1374443941 18123 0 0 423 0 41 30 0 125 0 524 0 965 0 163 0 0 0 49 0
1374444119 18128 0 0 423 0 41 30 0 125 0 524 0 965 0 163 0 0 0 49 0
1374444737 18131 0 0 423 0 41 30 0 125 0 524 0 965 0 163 0 0 0 49 0
1374448892 18132 0 0 423 0 41 30 0 125 0 524 0 965 0 163 0 0 0 49 0
1374449083 18449 0 0 423 0 41 30 0 125 0 524 0 965 0 163 0 0 0 49 0
1374449857 18449 0 0 423 0 41 30 0 125 0 524 0 965 0 163 0 0 0 49 0
1374450593 18452 0 0 423 0 41 30 0 125 0 524 0 965 0 163 0 0 0 49 0
1374450649 18455 0 0 423 0 41 30 0 125 0 524 0 965 0 163 0 0 0 49 0
1374450670 18456 0 0 423 0 41 30 0 125 0 524 0 965 0 163 0 0 0 49 0
1374450694 18459 0 0 423 0 41 30 0 125 0 524 0 965 0 163 0 0 0 49 0
1374451663 18460 0 0 423 0 41 30 0 125 0 524 0 965 0 163 0 0 0 49 0
1374452926 18463 0 0 423 0 41 30 0 125 0 524 0 965 0 163 0 0 0 49 0
1374452939 18463 0 0 423 0 41 30 0 125 0 524 0 965 0 163 0 0 0 49 0
1374453063 18464 0 0 423 0 41 30 0 125 0 524 0 965 0 163 0 0 0 49 0
1374453566 18465 0 0 423 0 41 30 0 125 0 524 0 965 0 163 0 0 0 49 0
1374458458 18466 0 0 423 0 41 30 0 125 0 524 0 965 0 163 0 0 0 49 0
1377683579 18466 0 0 423 0 41 30 0 125 240 524 0 965 0 163 0 0 0 49 0
1378042586 18466 0 0 423 0 41 30 0 125 278 524 0 965 0 163 0 0 0 49 0
1378043083 18482 0 0 423 0 41 30 0 125 278 524 0 965 0 163 0 0 0 49 0
1378043686 18484 0 0 423 0 41 30 0 125 278 524 0 965 0 163 0 0 0 49 0
1378043707 18503 0 0 423 0 41 30 0 125 278 524 0 965 0 163 0 0 0 49 0
1378043740 18505 0 0 423 0 41 30 0 125 278 524 0 965 0 163 0 0 0 49 0
1378043757 18508 0 0 423 0 41 30 0 125 278 524 0 965 0 163 0 0 0 49 0
1378044432 18508 0 0 423 0 41 30 0 125 278 524 0 965 0 163 0 0 0 49 0
1378044449 18508 0 0 423 0 41 30 0 125 278 524 0 965 0 163 0 0 0 49 0
1378048275 18669 0 0 423 0 41 30 0 125 278 524 0 965 0 163 0 0 0 49 0
1378052027 18747 0 0 423 0 41 30 0 125 278 524 0 965 0 163 0 0 0 49 0
1379426083 18747 0 0 423 0 41 30 0 125 334 524 0 965 0 163 0 0 0 49 0
1379426303 18747 0 0 423 0 41 30 0 125 335 524 0 965 0 163 0 0 0 49 0
1379427250 18747 0 0 423 0 41 30 0 125 335 524 0 965 0 163 0 0 0 49 0
1379427330 18748 0 0 423 0 41 30 0 125 335 524 0 965 0 163 0 0 0 49 0
1379663306 18748 0 0 423 0 41 34 0 125 335 524 0 965 0 163 0 0 0 49 0
1379665156 18748 0 0 423 0 41 34 0 125 335 524 0 965 0 163 0 0 0 49 0
1379674356 18748 0 0 423 159 41 34 0 125 335 524 0 965 0 163 0 0 0 49 0
1379675281 18748 0 0 423 166 41 34 0 125 335 524 0 965 0 163 0 0 0 49 0
1379675468 18748 0 0 423 167 41 34 0 125 335 524 0 965 0 163 0 0 0 49 0
1379681611 18748 0 0 423 179 41 34 0 125 335 524 0 965 0 163 0 0 0 49 0
1379688387 18748 0 0 423 181 41 34 0 125 335 524 0 965 0 163 0 0 0 49 0
1379688421 18748 0 0 423 182 41 34 0 125 335 524 0 965 0 163 0 0 0 49 0
1379688433 18748 0 0 423 283 41 34 0 125 335 524 0 965 0 163 0 0 0 49 0
1379688890 18748 0 0 423 285 41 34 0 125 335 524 0 965 0 163 0 0 0 49 0
1379696116 18748 0 0 423 352 41 34 0 125 335 524 0 965 0 163 0 0 0 49 0
1379697829 18748 0 0 423 368 41 34 0 125 335 524 0 965 0 163 0 0 0 49 0
1379713829 18748 0 0 423 437 41 34 0 125 335 524 0 965 0 163 0 0 0 49 0
1379780551 18752 0 0 423 437 41 34 0 125 335 524 0 965 0 163 0 0 0 49 0
1379780576 18758 0 0 423 437 41 34 0 125 335 524 0 965 0 163 0 0 0 49 0
1379780598 18759 0 0 423 437 41 34 0 125 335 524 0 965 0 163 0 0 0 49 0
1379780629 18760 0 0 423 437 41 34 0 125 335 524 0 965 0 163 0 0 0 49 0
1379780968 18765 0 0 423 437 41 34 0 125 335 524 0 965 0 163 0 0 0 49 0
1379836269 18765 0 0 423 511 41 34 0 125 335 524 0 965 0 163 0 0 0 49 0
1379836612 18765 0 0 423 511 41 34 0 125 335 524 0 965 0 163 0 0 0 49 0
1379836672 18765 0 0 423 512 41 34 0 125 335 524 0 965 0 163 0 0 0 49 0
1379849600 19091 0 0 423 512 41 34 0 125 335 524 0 965 0 163 0 0 0 49 0
1379850137 19091 0 0 423 512 41 34 0 125 335 524 0 965 0 163 0 0 0 49 0
1379881861 19223 0 0 423 512 41 34 0 125 335 524 0 965 0 163 0 0 0 49 0
1379882215 19228 0 0 423 512 41 34 0 125 335 524 0 965 0 163 0 0 0 49 0
1379883456 19229 0 0 423 512 41 34 0 125 335 524 0 965 0 163 0 0 0 49 0
1379883606 19230 0 0 423 512 41 34 0 125 335 524 0 965 0 163 0 0 0 49 0
1379884014 19231 0 0 423 512 41 34 0 125 335 524 0 965 0 163 0 0 0 49 0
1379885425 19231 0 0 423 512 41 34 0 125 335 524 0 965 0 163 0 0 0 49 0
1379886380 19231 0 0 423 512 41 34 0 125 335 524 0 965 0 163 0 0 0 49 0
1379919502 19231 0 0 423 512 41 34 0 125 335 524 0 965 0 163 0 0 0 49 0
1380646007 19231 0 0 423 512 41 34 0 125 335 524 0 965 0 163 0 0 0 49 0
1380777485 19231 0 0 423 512 41 36 0 125 335 524 0 965 0 163 0 0 0 49 0
1380838651 19231 0 0 423 512 41 64 0 125 335 524 0 965 0 163 0 0 0 49 0
1380838706 19231 0 0 423 512 41 81 0 125 335 524 0 965 0 163 0 0 0 49 0
1380839345 19231 0 0 423 512 41 82 0 125 335 524 0 965 0 163 0 0 0 49 0
1380860472 19231 0 0 423 512 41 82 0 125 335 524 0 965 0 163 0 0 0 49 0
1382506683 19232 0 0 423 512 41 82 0 125 335 524 0 965 0 163 0 0 0 49 0
1382507411 19232 0 0 423 512 41 82 0 125 335 524 0 965 0 163 0 0 0 49 0
1382509635 19243 0 0 423 512 41 82 0 125 335 524 0 965 0 163 0 0 0 49 0
1382510327 19245 0 0 423 512 41 82 0 125 335 524 0 965 0 163 0 0 0 49 0
1382511063 19245 0 0 423 512 41 82 0 125 335 524 0 965 0 163 0 0 0 49 0
1382511110 19245 0 0 423 512 41 82 0 125 335 524 0 965 0 163 0 0 0 49 0
1382511574 19250 0 0 423 512 41 82 0 125 335 524 0 965 0 163 0 0 0 49 0
1382675919 19250 0 0 423 512 41 82 0 125 335 524 0 1025 0 163 0 0 0 49 0
1382687472 19250 0 0 423 512 41 82 0 125 335 524 0 1025 0 163 0 0 0 49 0
1382920041 19250 0 0 423 512 41 82 0 125 335 524 0 1026 0 163 0 0 0 49 0
1382941671 19250 0 0 423 512 41 82 0 125 335 524 0 1026 0 163 0 0 0 49 0
1382942588 19252 0 0 423 512 41 82 0 125 335 524 0 1026 0 163 0 0 0 49 0
1382943345 19259 0 0 423 512 41 82 0 125 335 524 0 1026 0 163 0 0 0 49 0
1382943681 19260 0 0 423 512 41 82 0 125 335 524 0 1026 0 163 0 0 0 49 0
1382943737 19261 0 0 423 512 41 82 0 125 335 524 0 1026 0 163 0 0 0 49 0
1382944186 19262 0 0 423 512 41 82 0 125 335 524 0 1026 0 163 0 0 0 49 0
1383312180 19264 0 0 423 512 41 82 0 125 335 524 0 1026 0 163 0 0 0 49 0
1383312261 19288 0 0 423 512 41 82 0 125 335 524 0 1026 0 163 0 0 0 49 0
1383312302 19301 0 0 423 512 41 82 0 125 335 524 0 1026 0 163 0 0 0 49 0
1383312871 19302 0 0 423 512 41 82 0 125 335 524 0 1026 0 163 0 0 0 49 0
1383313029 19303 0 0 423 512 41 82 0 125 335 524 0 1026 0 163 0 0 0 49 0
1383313052 19305 0 0 423 512 41 82 0 125 335 524 0 1026 0 163 0 0 0 49 0
1383315820 19372 0 0 423 512 41 82 0 125 335 524 0 1026 0 163 0 0 0 49 0
1383315840 19396 0 0 423 512 41 82 0 125 335 524 0 1026 0 163 0 0 0 49 0
1383317245 19413 0 0 423 512 41 82 0 125 335 524 0 1026 0 163 0 0 0 49 0
1383317628 19417 0 0 423 512 41 82 0 125 335 524 0 1026 0 163 0 0 0 49 0
1384194951 19475 0 0 423 512 41 82 0 125 335 524 0 1026 0 163 0 0 0 49 0
1384197398 19800 0 0 423 512 41 82 0 125 335 524 0 1026 0 163 0 0 0 49 0
1384207017 19812 0 0 423 512 41 82 0 125 335 524 0 1026 0 163 0 0 0 49 0
1384367805 19813 0 0 423 512 41 82 0 125 335 524 0 1026 0 163 0 0 0 49 0
1385109988 19813 0 0 423 512 41 82 0 125 335 524 0 1026 0 163 8 0 0 49 0
1385110056 19813 0 0 423 512 41 82 0 125 335 524 0 1026 0 163 157 0 0 49 0
1385110567 19813 0 0 423 512 41 82 0 125 335 524 0 1026 0 163 158 0 0 49 0
1385537566 19813 0 0 423 512 41 82 0 125 335 524 0 1026 0 163 158 0 0 49 0
1385538723 19815 0 0 423 512 41 82 0 125 335 524 0 1026 0 163 158 0 0 49 0
1386941680 19821 0 0 423 512 41 82 0 125 335 524 0 1026 0 163 158 0 0 49 0
1391080915 19822 0 0 423 512 41 82 0 125 335 524 0 1026 0 163 158 0 0 49 0
1391080944 19823 0 0 423 512 41 82 0 125 335 524 0 1026 0 163 158 0 0 49 0
1391084706 19823 0 0 423 512 41 82 0 125 335 524 0 1026 0 163 158 0 0 49 0
1391163961 19824 0 0 423 512 41 82 0 125 335 524 0 1026 0 163 158 0 0 49 0
1391246571 19825 0 0 423 512 41 82 0 125 335 524 0 1026 0 163 158 0 0 49 0
1391246595 19826 0 0 423 512 41 82 0 125 335 524 0 1026 0 163 158 0 0 49 0
1393786523 19858 0 0 423 512 41 82 0 125 335 524 0 1026 18 163 158 0 0 49 0
1394011322 19858 0 0 423 512 41 82 0 125 335 524 0 1026 307 163 158 0 0 49 0
1394012296 19858 0 0 423 512 41 82 0 125 335 524 0 1026 549 163 158 0 0 49 0
1395579033 19860 0 0 423 512 41 82 0 125 335 524 0 1026 549 163 158 0 0 49 0
1398355670 19860 0 0 423 512 41 82 1 125 335 524 0 1026 549 163 158 0 0 49 0
1398355698 19860 0 0 423 512 41 82 2 125 335 524 0 1026 549 163 158 0 0 49 0
1398355746 19860 0 0 423 512 41 82 30 125 335 524 0 1026 549 163 158 0 0 49 0
1398355894 19860 0 0 423 512 41 82 65 125 335 524 0 1026 549 163 158 0 0 49 0
1398356033 19860 0 0 423 512 41 82 71 125 335 524 0 1026 549 163 158 0 0 49 0
1398356512 19860 0 0 423 512 41 82 75 125 335 524 0 1026 549 163 158 0 0 49 0
1398356619 19860 0 0 423 512 41 82 78 125 335 524 0 1026 549 163 158 0 0 49 0
1398357212 19860 0 0 423 512 41 82 105 125 335 524 0 1026 549 163 158 0 0 49 0
1399662314 19860 0 0 423 512 41 82 105 125 335 524 0 1026 549 163 158 0 0 49 0
1399663650 19860 0 0 423 512 41 82 105 125 335 524 0 1026 549 163 158 0 0 49 0
1401210973 19861 0 0 423 512 41 82 105 125 335 524 0 1026 549 163 158 0 0 49 0
1401212055 19865 0 0 423 512 41 82 105 125 335 524 0 1026 549 163 158 0 0 49 0
1401212368 19866 0 0 423 512 41 82 105 125 335 524 0 1026 549 163 158 0 0 49 0
1401212418 19868 0 0 423 512 41 82 105 125 335 524 0 1026 549 163 158 0 0 49 0
1401212674 19869 0 0 423 512 41 82 105 125 335 524 0 1026 549 163 158 0 0 49 0
1401213620 19881 0 0 423 512 41 82 105 125 335 524 0 1026 549 163 158 0 0 49 0
1401213873 19886 0 0 423 512 41 82 105 125 335 524 0 1026 549 163 158 0 0 49 0
1401214000 19886 0 0 423 512 41 82 105 125 335 524 0 1026 549 163 158 0 0 49 0
1401214407 19889 0 0 423 512 41 82 105 125 335 524 0 1026 549 163 158 0 0 49 0
1401214682 19903 0 0 423 512 41 82 105 125 335 524 0 1026 549 163 158 0 0 49 0
1401215147 19904 0 0 423 512 41 82 105 125 335 524 0 1026 549 163 158 0 0 49 0
1401215162 19905 0 0 423 512 41 82 105 125 335 524 0 1026 549 163 158 0 0 49 0
1401215318 19905 0 0 423 512 41 82 105 125 335 524 0 1026 549 163 158 0 0 49 0
1401215650 19909 0 0 423 512 41 82 105 125 335 524 0 1026 549 163 158 0 0 49 0
1401215668 19912 0 0 423 512 41 82 105 125 335 524 0 1026 549 163 158 0 0 49 0
1401216173 19914 0 0 423 512 41 82 105 125 335 524 0 1026 549 163 158 0 0 49 0
1402430807 19926 0 0 423 512 41 82 105 125 335 524 0 1026 549 163 158 0 0 49 0
1402431092 19945 0 0 423 512 41 82 105 125 335 524 0 1026 549 163 158 0 0 49 0
1402431570 19946 0 0 423 512 41 82 105 125 335 524 0 1026 549 163 158 0 0 49 0
1402436586 20081 0 0 423 512 41 82 105 125 335 524 0 1026 549 163 158 0 0 49 0
1402436751 20082 0 0 423 512 41 82 105 125 335 524 0 1026 549 163 158 0 0 49 0
1402437617 20084 0 0 423 512 41 82 105 125 335 524 0 1026 549 163 158 0 0 49 0
1403177359 20084 0 0 423 512 41 82 105 125 335 524 0 1026 549 163 158 0 0 49 0
1403279473 20084 0 0 423 512 41 82 105 125 335 524 0 1026 549 163 158 0 0 49 0
1403984500 20084 0 0 423 512 41 82 105 125 335 524 0 1026 549 163 158 0 0 49 0
1403984525 20084 0 0 423 512 41 82 105 125 335 524 0 1026 549 163 158 0 0 49 0
1403986451 20096 0 0 423 512 41 82 105 125 335 524 0 1026 549 163 158 0 0 49 0
1403986505 20101 0 0 423 512 41 82 105 125 335 524 0 1026 549 163 158 0 0 49 0
1404035629 20134 0 0 423 512 41 82 105 125 335 524 0 1026 549 163 158 0 0 49 0
1404035670 20143 0 0 423 512 41 82 105 125 335 524 0 1026 549 163 158 0 0 49 0
1404035695 20149 0 0 423 512 41 82 105 125 335 524 0 1026 549 163 158 0 0 49 0
1404048487 20305 0 0 423 512 41 82 105 125 335 524 0 1026 549 163 158 0 0 49 0
1404051913 20327 0 0 423 512 41 82 105 125 335 524 0 1026 549 163 158 0 0 49 0
1404052442 20328 0 0 423 512 41 82 105 125 335 524 0 1026 549 163 158 0 0 49 0
1404054630 20349 0 0 423 512 41 82 105 125 335 524 0 1026 549 163 158 0 0 49 0
1404055953 20466 0 0 423 512 41 82 105 125 335 524 0 1026 549 163 158 0 0 49 0
1404056975 20467 0 0 423 512 41 82 105 125 335 524 0 1026 549 163 158 0 0 49 0
1404057658 20472 0 0 423 512 41 82 105 125 335 524 0 1026 549 163 158 0 0 49 0
1404057874 20476 0 0 423 512 41 82 105 125 335 524 0 1026 549 163 158 0 0 49 0
1404058136 20477 0 0 423 512 41 82 105 125 335 524 0 1026 549 163 158 0 0 49 0
1404058383 20478 0 0 423 512 41 82 105 125 335 524 0 1026 549 163 158 0 0 49 0
1404059247 20480 0 0 423 512 41 82 105 125 335 524 0 1026 549 163 158 0 0 49 0
1404059271 20483 0 0 423 512 41 82 105 125 335 524 0 1026 549 163 158 0 0 49 0
1404060318 20500 0 0 423 512 41 82 105 125 335 524 0 1026 549 163 158 0 0 49 0
1404060867 20500 0 0 423 512 41 82 105 125 335 524 0 1026 549 163 158 0 0 49 0
1404063855 20500 0 0 423 512 41 82 105 125 335 524 0 1026 549 163 158 0 0 49 0
1404064836 20510 0 0 423 512 41 82 105 125 335 524 0 1026 549 163 158 0 0 49 0
1404065329 20524 0 0 423 512 41 82 105 125 335 524 0 1026 549 163 158 0 0 49 0
1404065624 20524 0 0 423 512 41 82 105 125 335 524 0 1026 549 163 158 0 0 49 0
1404065690 20524 0 0 423 512 41 82 105 125 335 524 0 1026 549 163 158 0 0 49 0
1404069818 20526 0 0 423 512 41 82 105 125 335 524 0 1026 549 163 158 0 0 49 0
1404069828 20526 0 0 423 512 41 82 105 125 335 524 0 1026 549 163 158 0 0 49 0
1404071205 20530 0 0 423 512 41 82 105 125 335 524 0 1026 549 163 158 0 0 49 0
1404071253 20551 0 0 423 512 41 82 105 125 335 524 0 1026 549 163 158 0 0 49 0
1404071280 20556 0 0 423 512 41 82 105 125 335 524 0 1026 549 163 158 0 0 49 0
1404071294 20556 0 0 423 512 41 82 105 125 335 524 0 1026 549 163 158 0 0 49 0
1404072101 20562 0 0 423 512 41 82 105 125 335 524 0 1026 549 163 158 0 0 49 0
1404079379 20579 0 0 423 512 41 82 105 125 335 524 0 1026 549 163 158 0 0 49 0
1404129450 20580 0 0 423 512 41 82 105 125 335 524 0 1026 549 163 158 0 0 49 0
1404159852 20581 0 0 423 512 41 82 105 125 335 524 0 1026 549 163 158 0 0 49 0
1404159954 20581 0 0 423 512 41 82 105 125 335 524 0 1026 549 163 158 0 0 49 0
1404165018 20585 0 0 423 512 41 82 105 125 335 524 0 1026 549 163 158 0 0 49 0
1404519489 20586 0 0 423 512 41 82 105 125 335 524 0 1026 549 163 158 0 0 49 0
1404519499 20589 0 0 423 512 41 82 105 125 335 524 0 1026 549 163 158 0 0 49 0
1404519505 20595 0 0 423 512 41 82 105 125 335 524 0 1026 549 163 158 0 0 49 0
1404540626 20595 0 0 423 512 41 82 105 125 335 524 564 1026 549 163 158 0 0 49 0
1404540785 20595 0 0 423 512 41 82 105 125 335 524 564 1026 549 163 158 0 0 49 0
1404540840 20595 0 0 423 512 41 82 105 125 335 524 564 1026 549 163 158 0 0 49 0
1404711941 20595 0 0 423 512 41 82 105 125 335 524 593 1026 549 163 158 0 0 49 0
1404824027 20595 0 0 423 512 41 82 105 125 335 524 595 1026 549 163 158 0 0 49 0
1404934171 20636 0 0 423 512 41 82 105 125 335 524 595 1026 549 163 158 0 0 49 0
1404934216 20812 0 0 423 512 41 82 105 125 335 524 595 1026 549 163 158 0 0 49 0
1404934900 20813 0 0 423 512 41 82 105 125 335 524 595 1026 549 163 158 0 0 49 0
1404936351 20871 0 0 423 512 41 82 105 125 335 524 595 1026 549 163 158 0 0 49 0
1404936796 20880 0 0 423 512 41 82 105 125 335 524 595 1026 549 163 158 0 0 49 0
1404937209 20881 0 0 423 512 41 82 105 125 335 524 595 1026 549 163 158 0 0 49 0
1404937339 20883 0 0 423 512 41 82 105 125 335 524 595 1026 549 163 158 0 0 49 0
1404938511 20883 0 0 423 512 41 82 105 125 335 524 595 1026 549 163 158 0 0 49 0
1404938796 20886 0 0 423 512 41 82 105 125 335 524 595 1026 549 163 158 0 0 49 0
1404938880 20888 0 0 423 512 41 82 105 125 335 524 595 1026 549 163 158 0 0 49 0
1405379854 20888 16 0 423 512 41 82 105 125 335 524 595 1026 549 163 158 0 0 49 0
1406207197 20888 16 0 423 512 41 82 105 125 335 524 595 1026 549 163 158 0 2 49 0
1406298649 20888 23 0 423 512 41 82 105 125 335 524 595 1026 549 163 158 0 2 49 0
1406298801 20888 24 0 423 512 41 82 105 125 335 524 595 1026 549 163 158 0 2 49 0
1406298916 20888 29 0 423 512 41 82 105 125 335 524 595 1026 549 163 158 0 2 49 0
1406299267 20888 37 0 423 512 41 82 105 125 335 524 595 1026 549 163 158 0 2 49 0
1406299560 20888 38 0 423 512 41 82 105 125 335 524 595 1026 549 163 158 0 2 49 0
1406299595 20888 40 0 423 512 41 82 105 125 335 524 595 1026 549 163 158 0 2 49 0
1406299638 20888 49 0 423 512 41 82 105 125 335 524 595 1026 549 163 158 0 2 49 0
1406299762 20888 54 0 423 512 41 82 105 125 335 524 595 1026 549 163 158 0 2 49 0
1406299801 20888 59 0 423 512 41 82 105 125 335 524 595 1026 549 163 158 0 2 49 0
1406299875 20888 61 0 423 512 41 82 105 125 335 524 595 1026 549 163 158 0 2 49 0
1406299919 20888 65 0 423 512 41 82 105 125 335 524 595 1026 549 163 158 0 2 49 0
1406299959 20888 67 0 423 512 41 82 105 125 335 524 595 1026 549 163 158 0 2 49 0
1406300006 20888 69 0 423 512 41 82 105 125 335 524 595 1026 549 163 158 0 2 49 0
1406300079 20888 71 0 423 512 41 82 105 125 335 524 595 1026 549 163 158 0 2 49 0
1406300120 20888 73 0 423 512 41 82 105 125 335 524 595 1026 549 163 158 0 2 49 0
1406300159 20888 78 0 423 512 41 82 105 125 335 524 595 1026 549 163 158 0 2 49 0
1406300260 20888 80 0 423 512 41 82 105 125 335 524 595 1026 549 163 158 0 2 49 0
1406300651 20888 89 0 423 512 41 82 105 125 335 524 595 1026 549 163 158 0 2 49 0
1406541456 20888 89 0 423 512 41 82 105 125 335 524 595 1026 549 163 158 0 3 49 0
1406559920 20888 89 0 423 512 41 82 105 125 335 524 595 1026 549 163 158 0 3 49 0
1406562649 20888 90 0 423 512 41 82 105 125 335 524 595 1026 549 163 158 0 3 49 0
1406565994 20888 190 0 423 512 41 82 105 125 335 524 595 1026 549 163 158 0 3 49 0
1406568051 20888 194 0 423 512 41 82 105 125 335 524 595 1026 549 163 158 0 3 49 0
1406580843 20888 195 0 423 512 41 82 105 125 335 524 595 1026 549 163 158 0 3 49 0
1406588016 20892 195 0 423 512 41 82 105 125 335 524 595 1026 549 163 158 0 3 49 0
1406588210 20893 195 0 423 512 41 82 105 125 335 524 595 1026 549 163 158 0 3 49 0
1406588249 20898 195 0 423 512 41 82 105 125 335 524 595 1026 549 163 158 0 3 49 0
1406588268 20905 195 0 423 512 41 82 105 125 335 524 595 1026 549 163 158 0 3 49 0
1406592780 20911 195 0 423 512 41 82 105 125 335 524 595 1026 549 163 158 0 3 49 0
1406592790 20913 195 0 423 512 41 82 105 125 335 524 595 1026 549 163 158 0 3 49 0
1406598779 20913 197 0 423 512 41 82 105 125 335 524 595 1026 549 163 158 0 3 49 0
1406598834 20913 197 0 423 512 41 82 105 125 335 524 595 1026 549 163 158 0 3 49 0
1406639852 21134 197 0 423 512 41 82 105 125 335 524 595 1026 549 163 158 0 3 49 0
1406707212 21134 197 0 423 512 41 82 105 125 335 524 595 1026 549 163 158 0 3 49 0
1406709703 21134 197 0 423 512 41 82 105 125 335 524 595 1026 549 163 158 0 3 49 0
1406725524 21142 197 0 423 512 41 82 105 125 335 524 595 1026 549 163 158 0 3 49 0
1406733969 21142 198 0 423 512 41 82 105 125 335 524 595 1026 549 163 158 0 3 49 0
1406733999 21142 199 0 423 512 41 82 105 125 335 524 595 1026 549 163 158 0 3 49 0
1406734019 21142 200 0 423 512 41 82 105 125 335 524 595 1026 549 163 158 0 3 49 0
1406734042 21142 201 0 423 512 41 82 105 125 335 524 595 1026 549 163 158 0 3 49 0
1406734061 21142 202 0 423 512 41 82 105 125 335 524 595 1026 549 163 158 0 3 49 0
1406734080 21142 203 0 423 512 41 82 105 125 335 524 595 1026 549 163 158 0 3 49 0
1406736560 21142 204 0 423 512 41 82 105 125 335 524 595 1026 549 163 158 0 3 49 0
1406736580 21142 205 0 423 512 41 82 105 125 335 524 595 1026 549 163 158 0 3 49 0
1406736599 21142 206 0 423 512 41 82 105 125 335 524 595 1026 549 163 158 0 3 49 0
1406736619 21142 207 0 423 512 41 82 105 125 335 524 595 1026 549 163 158 0 3 49 0
1406736638 21142 208 0 423 512 41 82 105 125 335 524 595 1026 549 163 158 0 3 49 0
1406736663 21142 209 0 423 512 41 82 105 125 335 524 595 1026 549 163 158 0 3 49 0
1406736681 21142 210 0 423 512 41 82 105 125 335 524 595 1026 549 163 158 0 3 49 0
1406736704 21142 211 0 423 512 41 82 105 125 335 524 595 1026 549 163 158 0 3 49 0
1406736725 21142 212 0 423 512 41 82 105 125 335 524 595 1026 549 163 158 0 3 49 0
1406736741 21142 213 0 423 512 41 82 105 125 335 524 595 1026 549 163 158 0 3 49 0
1406736766 21142 213 0 423 512 41 82 105 125 335 524 595 1026 549 163 158 0 3 49 0
1406756301 21142 213 0 423 512 41 82 105 125 335 524 595 1026 549 163 158 0 3 49 0
1406762655 21273 213 0 423 512 41 82 105 125 335 524 595 1026 549 163 158 0 3 49 0
1406763486 21280 213 0 423 512 41 82 105 125 335 524 595 1026 549 163 158 0 3 49 0
1406763969 21281 213 0 423 512 41 82 105 125 335 524 595 1026 549 163 158 0 3 49 0
1406796162 21285 213 0 423 512 41 82 105 125 335 524 595 1026 549 163 158 0 3 49 0
1410119395 21285 213 0 423 512 41 82 105 125 335 524 595 1026 549 163 158 0 3 49 0
1413830317 21285 213 1 423 512 41 82 105 125 335 524 595 1026 549 163 158 0 3 49 0
1413830758 21285 213 1 423 512 41 82 105 125 335 524 595 1026 549 163 158 0 3 49 0
1413831011 21285 213 1 423 512 41 82 105 125 335 524 595 1026 549 163 158 0 3 49 0
1414410301 21285 213 11 423 512 41 82 105 125 335 524 595 1026 549 163 158 0 3 49 0
1414419275 21285 213 15 423 512 41 82 105 125 335 524 595 1026 549 163 158 0 3 49 0
1414422480 21285 213 16 423 512 41 82 105 125 335 524 595 1026 549 163 158 0 3 49 0
1414428197 21285 213 16 423 512 41 82 105 125 335 524 595 1026 549 163 158 0 3 49 0
1414428230 21285 213 43 423 512 41 82 105 125 335 524 595 1026 549 163 158 0 3 49 0
1414448680 21285 213 130 423 512 41 82 105 125 335 524 595 1026 549 163 158 0 3 49 0
1414454000 21285 213 156 423 512 41 82 105 125 335 524 595 1026 549 163 158 0 3 49 0
1414456057 21285 213 160 423 512 41 82 105 125 335 524 595 1026 549 163 158 0 3 49 0
1414529776 21285 213 160 423 512 41 82 105 125 335 524 595 1026 549 163 158 0 3 49 0
1414530819 21287 213 300 423 512 41 82 105 125 335 524 595 1026 549 163 158 0 3 49 0
1414540431 21288 213 300 423 512 41 82 105 125 335 524 595 1026 549 163 158 0 3 49 0
1414540564 21330 213 300 423 512 41 82 105 125 335 524 595 1026 549 163 158 0 3 49 0
1414540613 21388 213 300 423 512 41 82 105 125 335 524 595 1026 549 163 158 0 3 49 0
1414540668 21389 213 300 423 512 41 82 105 125 335 524 595 1026 549 163 158 0 3 49 0
1414542049 21390 213 300 423 512 41 82 105 125 335 524 595 1026 549 163 158 0 3 49 0
1414542070 21392 213 300 423 512 41 82 105 125 335 524 595 1026 549 163 158 0 3 49 0
1414542753 21397 213 300 423 512 41 82 105 125 335 524 595 1026 549 163 158 0 3 49 0
1414542817 21398 213 300 423 512 41 82 105 125 335 524 595 1026 549 163 158 0 3 49 0
1414544162 21406 213 300 423 512 41 82 105 125 335 524 595 1026 549 163 158 0 3 49 0
1414544800 21407 213 300 423 512 41 82 105 125 335 524 595 1026 549 163 158 0 3 49 0
1414545888 21407 213 300 423 512 41 82 105 125 335 524 595 1026 549 163 158 0 3 49 0
1414766998 21448 213 300 423 512 41 82 105 125 335 524 595 1026 549 163 158 0 3 49 0
1414767255 21448 213 300 423 512 41 82 105 125 335 524 595 1026 549 163 158 0 3 49 0
1414767293 21450 213 300 423 512 41 82 105 125 335 524 595 1026 549 163 158 0 3 49 0
1414767309 21453 213 300 423 512 41 82 105 125 335 524 595 1026 549 163 158 0 3 49 0
1414768602 21454 213 300 423 512 41 82 105 125 335 524 595 1026 549 163 158 0 3 49 0
1414768672 21455 213 300 423 512 41 82 105 125 335 524 595 1026 549 163 158 0 3 49 0
1414768681 21462 213 300 423 512 41 82 105 125 335 524 595 1026 549 163 158 0 3 49 0
1414768693 21462 213 300 423 512 41 82 105 125 335 524 595 1026 549 163 158 0 3 49 0
1414768722 21462 213 300 423 512 41 82 105 125 335 524 595 1026 549 163 158 0 3 49 0
1414768807 21465 213 300 423 512 41 82 105 125 335 524 595 1026 549 163 158 0 3 49 0
1414769745 21476 213 300 423 512 41 82 105 125 335 524 595 1026 549 163 158 0 3 49 0
1414772616 21485 213 300 423 512 41 82 105 125 335 524 595 1026 549 163 158 0 3 49 0
1414773000 21487 213 300 423 512 41 82 105 125 335 524 595 1026 549 163 158 0 3 49 0
1414773715 21488 213 300 423 512 41 82 105 125 335 524 595 1026 549 163 158 0 3 49 0
1414773799 21489 213 300 423 512 41 82 105 125 335 524 595 1026 549 163 158 0 3 49 0
1414774870 21490 213 300 423 512 41 82 105 125 335 524 595 1026 549 163 158 0 3 49 0
1414776700 21491 213 300 423 512 41 82 105 125 335 524 595 1026 549 163 158 0 3 49 0
1414776811 21491 213 300 423 512 41 82 105 125 335 524 595 1026 549 163 158 0 3 49 0
1414784054 21499 213 300 423 512 41 82 105 125 335 524 595 1026 549 163 158 0 3 49 0
1414786260 21507 213 300 423 512 41 82 105 125 335 524 595 1026 549 163 158 0 3 49 0
1414786907 21507 213 300 423 512 41 82 105 125 335 524 595 1026 549 163 158 0 3 49 0
1414935806 21510 213 300 423 512 41 82 105 125 335 524 595 1026 549 163 158 0 3 49 0
1414937856 21524 213 300 423 512 41 82 105 125 335 524 595 1026 549 163 158 0 3 49 0
1414938283 21545 213 300 423 512 41 82 105 125 335 524 595 1026 549 163 158 0 3 49 0
1414940297 21548 213 300 423 512 41 82 105 125 335 524 595 1026 549 163 158 0 3 49 0
1414940755 21555 213 300 423 512 41 82 105 125 335 524 595 1026 549 163 158 0 3 49 0
1414942562 21560 213 300 423 512 41 82 105 125 335 524 595 1026 549 163 158 0 3 49 0
1414942577 21563 213 300 423 512 41 82 105 125 335 524 595 1026 549 163 158 0 3 49 0
1414944191 21581 213 300 423 512 41 82 105 125 335 524 595 1026 549 163 158 0 3 49 0
1414944987 21590 213 300 423 512 41 82 105 125 335 524 595 1026 549 163 158 0 3 49 0
1414945061 21591 213 300 423 512 41 82 105 125 335 524 595 1026 549 163 158 0 3 49 0
1414945164 21592 213 300 423 512 41 82 105 125 335 524 595 1026 549 163 158 0 3 49 0
1414951242 21596 213 300 423 512 41 82 105 125 335 524 595 1026 549 163 158 0 3 49 0
1414951252 21596 213 300 423 512 41 82 105 125 335 524 595 1026 549 163 158 0 3 49 0
1414952876 21597 213 300 423 512 41 82 105 125 335 524 595 1026 549 163 158 0 3 49 0
1414963286 21597 213 300 423 512 41 82 105 125 335 524 595 1026 549 163 158 0 3 49 0
1415114261 21597 213 301 423 512 41 82 105 125 335 524 595 1026 549 163 158 0 3 49 0
1415206868 21598 213 301 423 512 41 82 105 125 335 524 595 1026 549 163 158 0 3 49 0
1415211132 21598 213 301 423 512 41 82 105 125 335 524 595 1026 549 163 158 0 3 49 0
1415214037 21599 213 301 423 512 41 82 105 125 335 524 595 1026 549 163 158 0 3 49 0
1415214129 21608 213 301 423 512 41 82 105 125 335 524 595 1026 549 163 158 0 3 49 0
1415214163 21637 213 301 423 512 41 82 105 125 335 524 595 1026 549 163 158 0 3 49 0
1415215148 21638 213 301 423 512 41 82 105 125 335 524 595 1026 549 163 158 0 3 49 0
1415215648 21638 213 301 423 512 41 82 105 125 335 524 595 1026 549 163 158 0 3 49 0
1415216439 21638 213 301 423 512 41 82 105 125 335 524 595 1026 549 163 158 0 3 49 0
1415221975 21638 213 301 423 512 41 82 105 125 335 524 595 1026 549 163 158 0 3 49 0
1415222730 21641 213 301 423 512 41 82 105 125 335 524 595 1026 549 163 158 0 3 49 0
1415281512 21645 213 301 423 512 41 82 105 125 335 524 595 1026 549 163 158 0 3 49 0
1415319379 21645 213 301 423 512 41 82 105 125 335 524 595 1026 549 163 158 0 3 49 0
1415319574 22047 213 301 423 512 41 82 105 125 335 524 595 1026 549 163 158 0 3 49 0
1415319901 22054 213 301 423 512 41 82 105 125 335 524 595 1026 549 163 158 0 3 49 0
1415319985 22055 213 301 423 512 41 82 105 125 335 524 595 1026 549 163 158 0 3 49 0
1415320154 22056 213 301 423 512 41 82 105 125 335 524 595 1026 549 163 158 0 3 49 0
1417027682 22059 213 301 423 512 41 82 105 125 335 524 595 1026 549 163 158 0 3 49 0
1421503390 22059 213 301 423 512 41 82 105 125 335 524 595 1026 549 163 158 0 3 49 0
1421516306 22059 213 301 423 512 41 82 105 125 335 524 595 1026 549 163 158 0 3 49 0
1423668007 22060 213 301 423 512 41 82 105 125 335 524 595 1026 549 163 158 0 3 49 0
1423672163 22060 213 301 423 512 41 82 105 125 335 524 595 1026 549 163 158 0 3 49 19
1423672900 22060 213 301 423 512 41 82 105 125 335 524 595 1026 549 163 158 0 3 49 20
1423740939 22060 213 301 423 512 41 82 105 125 335 524 595 1026 549 163 158 0 3 49 20
1423740973 22063 213 301 423 512 41 82 105 125 335 524 595 1026 549 163 158 0 3 49 20
1423741012 22064 213 301 423 512 41 82 105 125 335 524 595 1026 549 163 158 0 3 49 20
1424456203 22064 213 301 423 512 41 82 105 125 335 524 595 1026 549 163 158 0 3 49 20
1426081068 22064 213 311 423 512 41 82 105 125 335 524 595 1026 549 163 158 0 3 49 20
1426083963 22064 213 311 423 512 41 82 105 125 335 524 595 1026 549 163 158 0 3 49 20
1426767838 22064 213 311 423 512 41 82 105 125 335 524 595 1026 549 163 158 0 3 49 20
1432221474 22064 213 311 423 512 41 82 105 125 335 524 595 1026 549 163 158 8 3 49 20
1432227094 22064 213 311 423 512 41 82 105 125 335 524 595 1026 549 163 158 161 3 49 20
1432506735 22064 213 311 423 512 41 82 105 125 335 524 595 1026 549 163 158 161 3 49 20
1433877168 22064 213 343 423 512 41 82 105 125 335 524 595 1026 549 163 158 161 3 49 20
1433928112 22064 213 349 423 512 41 82 105 125 335 524 595 1026 549 163 158 161 3 49 20
1433931064 22064 213 359 423 512 41 82 105 125 335 524 595 1026 549 163 158 161 3 49 20
1433954667 22064 213 360 423 512 41 82 105 125 335 524 595 1026 549 163 158 161 3 49 20
1433956373 22064 213 363 423 512 41 82 105 125 335 524 595 1026 549 163 158 161 3 49 20
1433957783 22064 213 366 423 512 41 82 105 125 335 524 595 1026 549 163 158 161 3 49 20
1433958793 22064 213 370 423 512 41 82 105 125 335 524 595 1026 549 163 158 161 3 49 20
1433959495 22064 213 381 423 512 41 82 105 125 335 524 595 1026 549 163 158 161 3 49 20
1433959820 22064 213 381 423 512 41 82 105 125 335 524 595 1026 549 163 158 161 3 49 20
1433970233 22073 213 381 423 512 41 82 105 125 335 524 595 1026 549 163 158 161 3 49 20
1433971283 22077 213 381 423 512 41 82 105 125 335 524 595 1026 549 163 158 161 3 49 20
1433971328 22078 213 381 423 512 41 82 105 125 335 524 595 1026 549 163 158 161 3 49 20
1434044975 22080 213 381 423 512 41 82 105 125 335 524 595 1026 549 163 158 161 3 49 20
1434046755 22080 213 381 423 512 41 82 105 125 335 524 595 1026 549 163 158 161 3 49 20
1434058875 22081 213 381 423 512 41 82 105 125 335 524 595 1026 549 163 158 161 3 49 20
1434225220 22081 213 384 423 512 41 82 105 125 335 524 595 1026 549 163 158 161 3 49 20
1434227874 22081 213 384 423 512 41 82 105 125 335 524 595 1026 549 163 158 161 3 49 20
1434229035 22083 213 384 423 512 41 82 105 125 335 524 595 1026 549 163 158 161 3 49 20
1434229097 22084 213 384 423 512 41 82 105 125 335 524 595 1026 549 163 158 161 3 49 20
1434230036 22084 213 399 423 512 41 82 105 125 335 524 595 1026 549 163 158 161 3 49 20
1434256482 22084 213 399 423 512 41 82 105 125 335 524 595 1026 549 163 158 161 3 49 20
1434445743 22084 213 441 423 512 41 82 105 125 335 524 595 1026 549 163 158 161 3 49 20
1434446945 22084 213 441 423 512 41 82 105 125 335 524 595 1026 549 163 158 161 3 49 20
1435213497 22084 213 442 423 512 41 82 105 125 335 524 595 1026 549 163 158 161 3 49 20
1435214434 22084 213 442 423 512 41 82 105 125 335 524 595 1026 549 163 158 161 3 49 20
1435915810 22084 213 481 423 512 41 82 105 125 335 524 595 1026 549 163 158 161 3 49 20
1435926470 22084 213 481 423 512 41 82 105 125 335 524 595 1026 549 163 158 161 3 49 20
1441768291 22084 213 481 423 512 41 82 105 125 335 524 595 1026 549 163 158 161 3 49 20
1441768659 22084 213 481 423 512 41 82 105 125 335 524 595 1026 549 163 158 161 3 49 20
1441772268 22084 213 481 423 512 41 82 105 125 335 524 595 1026 549 163 158 161 3 49 20
1442275777 22086 213 481 423 512 41 82 105 125 335 524 595 1026 549 163 158 161 3 49 20
1442651138 22086 213 481 423 512 41 82 105 125 335 524 595 1026 549 163 158 161 3 49 20
1442654457 22086 213 481 423 512 41 82 105 125 335 524 595 1026 549 163 158 161 3 49 20
1442654580 22086 213 481 423 512 41 82 105 125 335 524 595 1026 549 163 158 161 3 49 20
1446243144 22087 213 481 423 512 41 82 105 125 335 524 595 1026 549 163 158 161 3 49 20
1446243408 22088 213 481 423 512 41 82 105 125 335 524 595 1026 549 163 158 161 3 49 20
1446244298 22089 213 481 423 512 41 82 105 125 335 524 595 1026 549 163 158 161 3 49 20
1446244358 22090 213 481 423 512 41 82 105 125 335 524 595 1026 549 163 158 161 3 49 20
1446245608 22095 213 481 423 512 41 82 105 125 335 524 595 1026 549 163 158 161 3 49 20
1446245762 22101 213 481 423 512 41 82 105 125 335 524 595 1026 549 163 158 161 3 49 20
1446245878 22102 213 481 423 512 41 82 105 125 335 524 595 1026 549 163 158 161 3 49 20
