1446569566 538
1446574910 559
1446575452 559
1446576386 550
1446606940 574
1446608259 569
1446618853 572
1446660219 573
1446909967 573
1446931720 591
1446932663 609
1446935551 619
1446937906 625
1446938039 628
1446948470 629
1446948759 617
1446949034 628
1446951592 635
1447041739 651
1447043528 669
1447045072 674
1447048883 689
1447124230 711
1447149837 759
1447150898 766
1447174030 767
1447179156 778
1447203890 820
1447210422 825
1447211005 810
1447220785 809
1447236705 813
1447281384 814
1447282757 815
1447284233 830
1447284597 829
1447284825 830
1447285325 830
1447285554 831
1447295960 831
1447298200 853
1447346857 856
1448937606 837
1449033864 906
1449033980 1083
1449081827 1067
