1446506113 583
1446512021 662
1446513096 666
1446513180 696
1446546677 955
1446547195 1110
1446580516 1110
1446581544 1151
1446581576 1163
1447030608 17415
1447085324 16992
1447085421 17147
1447108134 17182
1447112535 17184
1447113229 17180
1447113293 17180
1447134271 17251
1447134279 17349
1447181996 17404
1447197473 17527
1447197478 17608
1447198917 17608
1447199032 17485
1447200698 17525
1447207495 17548
1447207506 17864
1447208556 17870
1447208776 17862
1447210842 17859
1447219271 17908
1447219277 17916
1447225866 17982
1447234404 17687
1447236782 17703
1447261536 17726
1447280571 17721
1447344470 17717
1447345393 17732
1447353097 17766
1447354414 17775
1447354692 17797
1447824586 18032
1448551454 18149
1448718844 18506
1448752141 18506
1448772612 18527
1448774260 18525
1448993920 18554
1449006909 18649
