1445394640 814
1445395781 814
1445396019 814
1445397075 816
1446933826 853
1446935053 922
1446935772 959
1446936148 980
1446936368 980
1446938549 978
1447013475 1073
1447023291 1157
1447116927 1307
1447118323 1327
1447169911 1368
1447214856 1377
1447541561 1407
1447553807 1523
1447553896 1578
1447555955 1595
1447558245 1657
1447559249 1681
1447566535 1637
1447566803 11732
1447721485 11797
1447724464 11837
1447725885 11857
1447727566 11875
1447727575 11924
1447729012 11923
1447730101 11941
1447731398 11950
1447732139 11952
1447740654 12069
1447773672 12138
1448821695 12138
1448821709 12194
1448831755 12217
1448831842 12217
1448832103 12221
1449017798 12263
1449018100 12355
1449023630 12356
1449024230 12362
1449024418 12362
1449025711 12412
1449027305 12425
1449036713 12467
1449038576 12525
1449038590 12556
1449103709 12603
1449103721 12642
1449107883 12643
1449114283 12661
1449114292 12903
1449121669 13024
1449121680 13052
1449125397 13056
1449125407 13054
1449125593 13054
1449126944 13101
1449126954 13240
1449128875 13252
1449183374 13286
1449183388 13296
