1444265587 814
1445435936 820
1445473051 820
1445473190 820
1445565321 833
1446231207 867
1447012589 885
1447012597 945
1447012881 951
1447191842 1025
1447191851 1084
1447191914 1157
1447426546 18836
1447426815 19176
1447432105 19284
1447518455 19388
1447519191 19498
1447519378 19493
1447522754 19637
1447547869 19831
1447547945 19972
1447548200 19963
1447559422 20016
1447636790 20035
1447712487 20076
1447725502 20133
1447729779 20168
1447735314 20255
1447774117 20286
1447822138 20426
1447822149 20130
1447826572 20264
1447828936 20327
1447854620 20331
1447873017 20268
1447896431 20271
1447896771 20277
1447897528 20271
1447898628 20279
1447900256 20283
1447903079 20289
1447904465 20289
1447905517 20289
1447907244 20348
1447908385 20352
1447908771 20388
1447911264 20403
1447911276 20408
1447915248 20389
1447946213 20394
1447946513 20398
1447949322 20408
1447951532 20409
1448340207 20477
1448421015 20471
1448510297 20600
1448510902 20600
1448514030 20624
1448554268 20657
1448650371 20657
1448668327 20812
1448748908 21130
1448981813 21204
1448981876 21233
1448984470 21256
1448992774 21301
1449004254 21303
1449009434 21303
1449026279 21380
1449026490 21380
1449028833 21382
1449029071 21380
1449030543 21380
1449091161 21612
1449110047 21651
1449110057 21755
1449112283 21763
1449114368 21768
1449114378 21773
1449115514 21773
1449116635 21868
1450035471 21876
1450063758 21881
1450099968 21883
1450146006 21887
1450146092 21889
1450216967 21954
1450231328 22042
1450231336 22076
1450275934 22139
1450276086 22282
1450276844 22284
1450286511 22284
1450295690 22287
1450301479 22432
1450303025 22432
1450304175 22449
1450306121 22469
1450319794 22451
1450330905 22461
1450330914 22601
1450333209 22607
1450333221 22607
1450360134 22614
1450360208 22615
1450360645 22621
1450734977 22650
1450737140 22656
1450737846 22651
1450738889 22648
