1444951365 921
1444951434 923
1445025269 924
1445025418 926
1445025841 926
1445026198 926
1445026387 926
1446351844 1381
1446384329 1544
1446386001 1585
1446386296 1589
1446542659 2217
1446560189 2256
1446605994 2465
1446608611 2481
1446616206 2419
1446619934 2537
1447047337 2707
1447047863 2707
1447132081 2861
1447442541 2861
1447444694 2976
1447446852 2972
1447448120 2985
1448416902 3056
1448426338 3071
1448564496 3075
1448599161 3280
1448600009 3331
1448680235 3346
1448689386 3526
1448705703 4202
1448750901 4225
1449142461 4224
1449142696 4229
1449142736 4235
1449142785 4237
1449142799 4446
1449871161 4448
1449898793 4992
1449905885 5351
1449942210 5468
