1447365028 8988
1447365916 9006
1447371113 9032
1447372345 9046
1447373841 9051
1447403763 9092
1448958004 9125
1448959839 9149
1449043194 9194
1449044099 9185
1449094603 9233
1449102192 9258
1449108385 9263
1449108484 9439
1449109909 9457
1449110288 9466
1449111280 9471
1449111923 9506
1449124637 9535
1449166942 10257
1449173084 11007
1450052312 11090
1450150729 12694
1450162446 12756
1450197464 12762
1450217145 12818
1450217154 12888
1450221755 12900
1450223909 12885
1450225384 12894
1450320626 12931
1450320653 12939
1450335548 12939
1450338233 12961
1450339561 12959
1450339923 12959
1450341072 12963
1450345200 12973
1450369123 13005
