1447009389 72913
1447025157 28887
1447031337 30785
1447031630 30849
1447201294 30863
1447202542 30878
1447216052 31015
1447216110 31025
1447217355 31121
1447217457 31130
1447218357 31141
1447275197 31232
1447302735 31280
1447302898 31282
1447304517 31299
1447368177 31480
1447369562 31480
1447384412 31491
1447384522 31475
1447390478 3807
1447390511 3819
1447390906 3754
1447391048 3230
1447392342 3204
1447392961 3318
1447393551 3310
1447394535 3274
1447396001 2800
1447396063 2800
1447400815 2866
1447427685 2867
1447427839 3342
1447434421 3340
1447435069 3337
1447714476 93590
1447715051 94277
1447715745 94282
1447803598 94282
1447804719 94282
1447804852 94498
1447867797 94520
1447867918 94520
1447887307 94523
1447893575 94502
1447896607 94505
1447896755 94499
1447896776 94499
1447897728 94503
