1446338179 394823
1446857115 394846
1446858032 394884
1446859666 394884
1446860016 395002
1446865630 395023
1446865695 395128
1446866232 395127
1446866487 395259
1446867071 395215
1446873506 395222
1446876355 395484
1446876974 395485
1446877619 395489
1446912307 395572
1446913272 395573
1446913889 395577
1446914399 1561
1447385444 1564
1447385478 1554
1447386364 1534
1447387767 1539
1447389356 1629
1447394324 1678
1447464053 1694
1447464062 1882
1447464368 1881
1447468199 1923
1447468465 1939
1447469332 1934
1447478423 1989
1447478485 2018
1447480884 2024
1447535165 2196
1447543271 2204
1447543588 2233
1447543616 2233
1447543680 2230
1447619452 2206
1447619472 2371
1447621077 2378
1447621734 2382
1447621744 2391
1447622717 2389
1447622728 2457
1447623091 2458
1447623107 2458
1447624464 2469
1447624472 2502
1447624578 2704
1447624594 2754
1447624690 2552
1447624900 2553
1447627267 2555
1447627278 2555
1447628006 2555
1447629842 2583
1447629855 2583
1447631407 2590
1447631417 2589
1448402527 2617
1448402535 2689
1448404322 2717
1448404871 2793
1448405502 2793
1448406765 2819
1448406772 2822
1448935825 2822
1448935831 3072
1448936423 3072
1448936726 3075
1448936733 3079
1448937065 3113
1448941158 3114
1448942093 3135
1448944405 3149
1448944572 3234
1448946515 3239
1448947168 3290
1448947175 3314
1448949038 3290
1448949047 3346
1448951394 3371
1448951405 3530
1448951577 3539
1448951715 3536
1448952179 3559
1448952196 3597
