1447895850 43715
1447897497 43715
1447900334 43716
1447904960 43789
1447905520 19434
1447905978 19431
1447962500 19516
1447965695 19506
1447965715 19516
1447965844 19518
1447965969 19508
1449020959 18881
1449021353 18881
1449023519 18881
1449023532 18881
1449024416 18230
1449024829 18238
1449025229 18238
1449115493 18288
1449129075 18330
1449189117 18342
1449189350 18342
1449189474 18337
1449189850 18357
1449191218 18371
1449192444 18375
1449195276 18390
1449204268 18418
1449204386 18451
1449204611 18437
1450232185 18435
1450239526 18607
1450239582 18630
1450239709 18628
1450254168 18635
1450254242 18657
1450292160 18649
1450293022 18646
1450306277 44990
1450308512 16538
1450329450 74073
1450329712 32598
1450329730 32516
1450329856 12097
1450329915 12065
1450332305 12085
1450338469 12094
