1446884086 24588
1447142077 996
1447208735 1001
1447209766 1014
1447359296 1057
1447431630 1284
1447431916 1280
1447432249 1569
1447433009 1542
1447617646 1561
1447620712 1568
1447622990 1568
1447634620 1572
1447806008 1578
1447810380 1582
1447815916 1615
1447828216 1644
1447834934 1650
1447865061 1696
1447874666 1753
1449180069 1801
1449607464 1823
1449607709 1824
1449629461 1882
1449629528 2000
1449630209 2014
1449786583 2012
1449804231 2065
1449804813 2224
1449857486 2305
1449857644 2354
1449872763 2451
1450336426 2490
1450360782 2539
1450363123 2539
1450365239 2545
