1447010603 233
1447015511 24859
1447017613 24859
1447017637 24859
1447017681 24859
1447017716 921
1447022552 1099
1447115517 1239
1447115599 1312
1447186910 1340
1447199581 1376
1447205938 1472
1447206158 1476
1447213438 1599
1447213473 1598
1447296921 1603
1447297429 1605
1447298083 1590
1447298148 1590
1447298196 1590
1447298381 1591
1447298530 1591
1447298646 1592
1447298792 1589
1447299407 1603
1447299606 1603
1447299693 1603
1447300565 1623
1447300632 1623
1447300726 1623
1447302592 1627
1447302788 1627
1447306437 1657
1447306471 1680
1447307685 1695
1447308309 1695
1448234601 1692
1448933080 11044
1448940441 11242
1448990990 11288
1448994955 11315
1449164045 11610
1449164476 11867
1449164589 11868
1449175612 11806
1449177399 11807
1449178749 11855
1449185735 11875
1449186286 11883
1449189108 12055
1449189167 12062
1449190154 12112
1449199586 12305
1450232359 12451
1450232666 12455
1450234483 12455
1450235792 12495
1450238232 12604
1450277922 12696
1450278235 12692
