1445300745 1506
1445462056 1506
1445462138 1506
1445462343 1506
1445466147 1506
1446440084 1506
1446529385 1414
1446596501 1554
1446853088 1612
1446959904 1783
1446959949 1793
1446960110 1813
1446960121 1819
1446960172 1822
1446960580 1818
1447024286 1790
1447047754 1833
1447047779 1835
1447047815 1980
1447047839 1980
1447047860 2011
1447047889 2012
1447047900 2015
1447143072 2016
1447143158 2132
1447143201 2155
1447143224 2159
1447143242 2160
1447203498 2165
1447203522 2165
1447203540 2165
1447213109 2559
1447213528 2559
1447359972 2549
1447734933 2219
1447744574 2369
1448077618 2595
1448127222 2626
1448133195 2632
1448135572 2647
1448283582 2883
1448670606 3068
1448682756 3196
1448686624 3323
1448691660 3455
1448745905 3455
1448766090 6532
1448836911 6533
1448836930 6533
1448836962 6572
1448836993 6574
1448837027 6573
1448852139 6573
1448852165 6574
1448852260 6584
1448852385 6582
1448852526 6582
1449002986 6797
1449025806 6874
1449028554 6874
