1446683127 814
1446683879 821
1446684268 828
1446685170 846
1446685723 85982
1446689561 946
1446695946 964
1446696162 966
1446696449 47934
1446696551 1136
1446696633 1138
1446698880 1114
1446753547 1248
1446766443 23464
1446838434 23527
1446858168 23495
1446859346 23495
1446861809 23525
1446861817 23531
1446863484 23530
1446864519 23531
1446865075 23529
1446866925 23577
1446867035 23587
1446867248 23587
1446869890 23595
1446869898 23618
1446918019 23626
1446941898 23692
1446945757 23701
1446945764 23735
1446947856 23752
1446947860 23769
1446949541 23774
1446949992 23777
1446950526 23964
1446953026 23911
1446953781 23922
1446954428 23962
1446955737 24006
1446956395 24009
1447000258 24022
1447121222 24029
1447121274 24029
1447128172 24055
1447129366 24092
1447129371 24133
1447129618 24133
1447129758 24198
1447129792 24199
1447130360 24245
1447130366 24246
1447130529 24244
1447130659 24219
1447130996 24242
1447178262 24236
1447202605 24240
1447202911 24240
1447214809 24257
1447216299 24257
1447358064 24281
1447359616 24306
1447364741 24398
1447554157 24396
1447633572 24557
1447695266 24511
1448205571 24619
1448209701 24618
1448209833 24618
1448217097 24679
1448217107 24706
1448221889 24783
1448225137 24808
1448225147 24808
1448225836 24808
1448225845 24828
1448230177 24833
1448230285 24910
1448230326 25104
1448231095 25102
1448231099 25172
1448231289 25172
1448232061 25174
1448233624 25172
1448233914 25168
1448234431 25168
1448410655 25177
1448410664 25244
1448739901 25254
1448739925 25257
