1442771155 593
1442783000 661
1442783721 662
1442792151 674
1442792195 674
1442792243 681
1442792365 682
1442792485 682
1442939387 682
1446248476 702
1446316549 947
1446318629 947
1446318883 947
1446320791 949
1446326031 958
1446327547 1063
1446328044 1063
1446328577 1063
1446328759 1063
1446329002 1065
1446330651 1113
1446914067 1163
1446928244 1129
1446933898 1259
1446935308 1286
1446935857 1291
1447078453 1291
1447079998 1317
1447082600 1347
1447120473 9095
1447485536 70029
1447518757 69896
1447519507 69687
1447522257 69350
1447532820 69661
1447537482 69903
1447876484 69951
1447889877 70004
1447889960 70003
1448313267 70068
1448858488 70624
1448964273 70762
1448980072 70796
1449093060 71196
1449134318 71304
1449166436 71724
1449773547 71714
1449777236 71729
1449930371 71699
1449957375 71890
1450026783 71976
1450035926 72024
1450039968 72079
1450040198 71751
1450041593 72080
1450042359 71850
1450043275 72077
1450051202 72113
1450223264 72396
1450279267 72412
