1447276499 1
1447279009 827
1447288147 868
1447288154 875
1447291538 878
1447292691 880
1447292851 900
1447352774 903
1447352784 1007
1447353133 1049
1447361701 1059
1447361716 1126
1447362170 1128
1447362244 1348
1447363008 1332
1447365064 1384
1447365696 1362
1447366740 1258
1447366746 1297
1447366838 1299
1447367370 1312
1447367524 1312
1447381429 1408
1447383096 1439
1447384803 1490
1447428057 1494
1447431163 2170
1447434847 1528
1447436701 1528
1447519624 1523
1447523940 1531
1447523944 1697
1447526559 1725
1447528059 1757
1447528382 1757
1447529133 1762
1447530398 1799
1447530405 1736
1447532956 1742
1447536916 1756
1447537444 1770
1447551556 1813
1447551566 1832
1447552021 1812
1447552201 1871
1447556482 1900
1447600674 1910
1447602182 1911
1447602719 1916
1447603762 1920
1447604839 1975
1447605592 1998
1447606829 2033
1447606860 2078
1447614363 2113
1447614645 2120
1447616783 2136
1447617099 2141
1447618017 2165
1447624893 2221
1447624913 2264
1447636684 2282
1447638622 2312
1447639263 2312
1447642004 2430
1447655078 2451
1447688529 2466
1447690089 2512
1447690786 2530
1447691292 2540
1447695772 2549
1447696638 2568
1447696875 2587
1447697202 2593
1447700364 2612
1447700841 2621
1447702685 2645
1447702959 2664
1447711430 2674
1447714325 2688
1447722382 2685
1447722392 2687
1447783643 2687
1447783647 2747
1447789499 2787
1447789739 2788
1447789926 2730
1447791386 2740
1447812964 2765
1447855815 2770
1447855823 2822
1447856380 2823
1447857438 2836
1447857770 2860
1447858074 2861
1447866376 2874
1447866619 2894
1447866803 2896
1447870463 2938
1447873015 2947
1447873961 2937
1447875626 2952
1447888062 2950
1447899174 2952
1447902839 2972
1447903855 2955
1447908883 2919
1447910029 2821
1447910455 2787
1447911423 2788
1447913167 2899
1447914073 2897
1447914446 2897
1447916524 2917
1447917450 2940
1447920287 2892
1447921129 2906
1447922067 2954
1447924048 3003
1447924958 3010
1447929468 3026
1447930821 3030
1447953789 3007
1447954358 2986
1447956798 2986
1447956959 2983
1447960251 2981
1447961987 2984
1447962925 2973
1447963389 2975
1447967205 2975
