1447094453 16462
1447096971 16472
1447104190 15942
1447106302 16019
1447107593 16038
1447115192 16106
1447115231 16126
1447264302 16163
1447270879 16168
1447272335 16164
1447272355 16170
1447277482 16180
1447278508 16178
1447278788 16181
1447286586 16266
1447370080 16269
1447370099 16553
1447533591 16557
1447533623 16571
1447536904 16577
1447536982 16577
1447539963 16556
1447539980 16651
1447542712 16660
1447542725 16656
1447543237 16638
1447543247 16630
1447543486 16631
1447543675 16633
1447547113 16637
1447547327 16639
1447553034 16652
1447555218 16650
1447699581 16650
1447699624 28010
1447699646 28017
1447701652 28017
