1445955894 21
1445955968 42
1445956522 237
1446843488 886
1446844360 853
1446844525 853
1446867072 854
1446869325 854
1446874774 892
1446933639 895
1447362913 1666
1447364753 1872
1447367599 2255
1447386116 2255
1447389894 2342
1447390027 2255
1447390507 2329
1447393113 2409
1447397623 2531
1447403791 2598
1447436488 2629
1447622045 3350
1447628973 3389
1448821623 3903
1448933703 4058
1449014200 4066
1449024141 4202
1449101282 4350
1449116766 4441
1449120152 4461
1449121410 4453
1449121431 4469
1449128564 4833
1449128692 4833
1449129396 5011
1449130427 4890
1449132959 5036
1449163421 5403
1449164221 5507
1449165257 5505
1449174805 5800
1449176157 5802
1449179778 5802
1449180150 5821
1449180543 5861
1449181959 5930
1449181989 6165
1449182850 6166
1449182893 6255
1449183097 6255
1449185363 6259
1449189788 6312
1449191495 6413
1449191547 6413
1449191586 6423
